#Coverage	Number of genomic locations
0.0	2.67642244E8
1.0	4.8968228E7
2.0	3.7356473E7
3.0	2.5400362E7
4.0	2.2265949E7
5.0	1.8401609E7
6.0	1.6683931E7
7.0	1.4841686E7
8.0	1.379986E7
9.0	1.277289E7
10.0	1.2114643E7
11.0	1.1593194E7
12.0	1.1297743E7
13.0	1.113751E7
14.0	1.1150744E7
15.0	1.1315049E7
16.0	1.1634213E7
17.0	1.2050324E7
18.0	1.2549193E7
19.0	1.3145922E7
20.0	1.3750825E7
21.0	1.4390111E7
22.0	1.4971905E7
23.0	1.5580642E7
24.0	1.6102778E7
25.0	1.6573942E7
26.0	1.7026746E7
27.0	1.7441698E7
28.0	1.784505E7
29.0	1.8269061E7
30.0	1.8749115E7
31.0	1.9298355E7
32.0	1.9947331E7
33.0	2.0683879E7
34.0	2.1564922E7
35.0	2.252781E7
36.0	2.3582257E7
37.0	2.4751582E7
38.0	2.5996434E7
39.0	2.7293309E7
40.0	2.8590854E7
41.0	2.9878573E7
42.0	3.112627E7
43.0	3.2226348E7
44.0	3.3231434E7
45.0	3.405959E7
46.0	3.4656662E7
47.0	3.5067311E7
48.0	3.5235565E7
49.0	3.5185843E7
50.0	3.491664E7
51.0	3.4407088E7
52.0	3.367219E7
53.0	3.2735659E7
54.0	3.1614942E7
55.0	3.0353039E7
56.0	2.8963655E7
57.0	2.7493439E7
58.0	2.5979906E7
59.0	2.4423649E7
60.0	2.2843721E7
61.0	2.1285378E7
62.0	1.9748899E7
63.0	1.825659E7
64.0	1.6853433E7
65.0	1.5511066E7
66.0	1.4243903E7
67.0	1.3058497E7
68.0	1.1963734E7
69.0	1.0977039E7
70.0	1.0042451E7
71.0	9199475.0
72.0	8432529.0
73.0	7726596.0
74.0	7110280.0
75.0	6550664.0
76.0	6035907.0
77.0	5574201.0
78.0	5167073.0
79.0	4788152.0
80.0	4453749.0
81.0	4144382.0
82.0	3867709.0
83.0	3617790.0
84.0	3389992.0
85.0	3184970.0
86.0	2992963.0
87.0	2822005.0
88.0	2652049.0
89.0	2505137.0
90.0	2361002.0
91.0	2232364.0
92.0	2111496.0
93.0	2002336.0
94.0	1898134.0
95.0	1805172.0
96.0	1714679.0
97.0	1633725.0
98.0	1553337.0
99.0	1480775.0
100.0	1406398.0
101.0	1337111.0
102.0	1274338.0
103.0	1216182.0
104.0	1158588.0
105.0	1105771.0
106.0	1052705.0
107.0	1004093.0
108.0	958052.0
109.0	912488.0
110.0	871278.0
111.0	833380.0
112.0	797202.0
113.0	761141.0
114.0	726918.0
115.0	695788.0
116.0	665118.0
117.0	637485.0
118.0	610498.0
119.0	586869.0
120.0	562702.0
121.0	536986.0
122.0	513149.0
123.0	495168.0
124.0	473477.0
125.0	454981.0
126.0	436968.0
127.0	418937.0
128.0	401459.0
129.0	387251.0
130.0	371375.0
131.0	355471.0
132.0	342068.0
133.0	329481.0
134.0	316614.0
135.0	304311.0
136.0	292441.0
137.0	283986.0
138.0	273515.0
139.0	263036.0
140.0	253398.0
141.0	244840.0
142.0	235372.0
143.0	227198.0
144.0	218254.0
145.0	208854.0
146.0	202883.0
147.0	195407.0
148.0	188037.0
149.0	180785.0
150.0	175899.0
151.0	169432.0
152.0	163324.0
153.0	158174.0
154.0	152763.0
155.0	147320.0
156.0	142981.0
157.0	138859.0
158.0	133873.0
159.0	129841.0
160.0	125744.0
161.0	122355.0
162.0	118679.0
163.0	113750.0
164.0	111094.0
165.0	108136.0
166.0	104358.0
167.0	101001.0
168.0	98156.0
169.0	94856.0
170.0	92029.0
171.0	89286.0
172.0	87425.0
173.0	85437.0
174.0	82889.0
175.0	80734.0
176.0	78070.0
177.0	75677.0
178.0	74622.0
179.0	71348.0
180.0	68703.0
181.0	66993.0
182.0	65388.0
183.0	63149.0
184.0	61099.0
185.0	59256.0
186.0	57059.0
187.0	55697.0
188.0	53818.0
189.0	52962.0
190.0	51414.0
191.0	49793.0
192.0	48314.0
193.0	48066.0
194.0	46095.0
195.0	44845.0
196.0	43614.0
197.0	42642.0
198.0	41192.0
199.0	40378.0
200.0	39253.0
201.0	38322.0
202.0	37320.0
203.0	36442.0
204.0	34998.0
205.0	33867.0
206.0	33429.0
207.0	32799.0
208.0	32296.0
209.0	32081.0
210.0	31044.0
211.0	29987.0
212.0	29088.0
213.0	28588.0
214.0	27719.0
215.0	27513.0
216.0	26685.0
217.0	26044.0
218.0	25792.0
219.0	24739.0
220.0	24535.0
221.0	24051.0
222.0	23412.0
223.0	22603.0
224.0	22193.0
225.0	21807.0
226.0	21135.0
227.0	20279.0
228.0	20050.0
229.0	19432.0
230.0	19248.0
231.0	18710.0
232.0	18236.0
233.0	17928.0
234.0	17473.0
235.0	16842.0
236.0	16559.0
237.0	16542.0
238.0	16194.0
239.0	15689.0
240.0	15345.0
241.0	15062.0
242.0	14525.0
243.0	14300.0
244.0	14350.0
245.0	13710.0
246.0	13645.0
247.0	13381.0
248.0	12696.0
249.0	12406.0
250.0	12178.0
251.0	11763.0
252.0	11418.0
253.0	11416.0
254.0	11151.0
255.0	10866.0
256.0	10547.0
257.0	10508.0
258.0	10276.0
259.0	10043.0
260.0	10007.0
261.0	9665.0
262.0	9436.0
263.0	9208.0
264.0	9211.0
265.0	8900.0
266.0	8577.0
267.0	8402.0
268.0	8372.0
269.0	8078.0
270.0	7936.0
271.0	7879.0
272.0	7608.0
273.0	7758.0
274.0	7329.0
275.0	7302.0
276.0	7075.0
277.0	7069.0
278.0	6877.0
279.0	6697.0
280.0	6686.0
281.0	6521.0
282.0	6593.0
283.0	6393.0
284.0	6276.0
285.0	6080.0
286.0	6145.0
287.0	6070.0
288.0	5992.0
289.0	5747.0
290.0	5564.0
291.0	5593.0
292.0	5382.0
293.0	5280.0
294.0	5279.0
295.0	5147.0
296.0	4905.0
297.0	4973.0
298.0	4822.0
299.0	4785.0
300.0	4651.0
301.0	4668.0
302.0	4648.0
303.0	4433.0
304.0	4519.0
305.0	4424.0
306.0	4392.0
307.0	4308.0
308.0	4161.0
309.0	4057.0
310.0	4058.0
311.0	3869.0
312.0	3926.0
313.0	3708.0
314.0	3864.0
315.0	3778.0
316.0	3779.0
317.0	3747.0
318.0	3761.0
319.0	3716.0
320.0	3504.0
321.0	3449.0
322.0	3434.0
323.0	3323.0
324.0	3146.0
325.0	3220.0
326.0	3129.0
327.0	3139.0
328.0	3068.0
329.0	3032.0
330.0	3016.0
331.0	3044.0
332.0	2944.0
333.0	2868.0
334.0	2735.0
335.0	2724.0
336.0	2805.0
337.0	2733.0
338.0	2647.0
339.0	2602.0
340.0	2658.0
341.0	2551.0
342.0	2506.0
343.0	2488.0
344.0	2459.0
345.0	2403.0
346.0	2453.0
347.0	2340.0
348.0	2303.0
349.0	2266.0
350.0	2215.0
351.0	2236.0
352.0	2119.0
353.0	2075.0
354.0	2036.0
355.0	2086.0
356.0	2111.0
357.0	2134.0
358.0	2060.0
359.0	2009.0
360.0	1911.0
361.0	1958.0
362.0	1792.0
363.0	1773.0
364.0	1787.0
365.0	1774.0
366.0	1757.0
367.0	1756.0
368.0	1765.0
369.0	1761.0
370.0	1718.0
371.0	1701.0
372.0	1692.0
373.0	1608.0
374.0	1657.0
375.0	1611.0
376.0	1516.0
377.0	1568.0
378.0	1655.0
379.0	1534.0
380.0	1498.0
381.0	1515.0
382.0	1491.0
383.0	1409.0
384.0	1397.0
385.0	1418.0
386.0	1428.0
387.0	1310.0
388.0	1401.0
389.0	1350.0
390.0	1377.0
391.0	1379.0
392.0	1363.0
393.0	1409.0
394.0	1347.0
395.0	1308.0
396.0	1323.0
397.0	1315.0
398.0	1231.0
399.0	1238.0
400.0	1242.0
401.0	1241.0
402.0	1184.0
403.0	1166.0
404.0	1079.0
405.0	1098.0
406.0	1073.0
407.0	1077.0
408.0	1092.0
409.0	1047.0
410.0	1064.0
411.0	1089.0
412.0	1069.0
413.0	1035.0
414.0	982.0
415.0	1005.0
416.0	984.0
417.0	932.0
418.0	995.0
419.0	932.0
420.0	974.0
421.0	917.0
422.0	878.0
423.0	875.0
424.0	906.0
425.0	965.0
426.0	913.0
427.0	889.0
428.0	848.0
429.0	900.0
430.0	877.0
431.0	871.0
432.0	874.0
433.0	853.0
434.0	819.0
435.0	836.0
436.0	953.0
437.0	847.0
438.0	848.0
439.0	810.0
440.0	881.0
441.0	883.0
442.0	811.0
443.0	737.0
444.0	750.0
445.0	814.0
446.0	805.0
447.0	752.0
448.0	787.0
449.0	720.0
450.0	819.0
451.0	824.0
452.0	725.0
453.0	756.0
454.0	786.0
455.0	761.0
456.0	801.0
457.0	763.0
458.0	748.0
459.0	702.0
460.0	706.0
461.0	708.0
462.0	639.0
463.0	626.0
464.0	646.0
465.0	650.0
466.0	676.0
467.0	625.0
468.0	678.0
469.0	617.0
470.0	678.0
471.0	610.0
472.0	597.0
473.0	597.0
474.0	583.0
475.0	633.0
476.0	596.0
477.0	637.0
478.0	611.0
479.0	643.0
480.0	627.0
481.0	594.0
482.0	597.0
483.0	601.0
484.0	624.0
485.0	554.0
486.0	570.0
487.0	591.0
488.0	593.0
489.0	576.0
490.0	585.0
491.0	610.0
492.0	519.0
493.0	528.0
494.0	558.0
495.0	579.0
496.0	588.0
497.0	571.0
498.0	560.0
499.0	512.0
500.0	559.0
501.0	545.0
502.0	537.0
503.0	492.0
504.0	513.0
505.0	496.0
506.0	476.0
507.0	504.0
508.0	507.0
509.0	520.0
510.0	506.0
511.0	499.0
512.0	511.0
513.0	505.0
514.0	510.0
515.0	449.0
516.0	496.0
517.0	483.0
518.0	550.0
519.0	499.0
520.0	533.0
521.0	463.0
522.0	478.0
523.0	488.0
524.0	481.0
525.0	509.0
526.0	509.0
527.0	498.0
528.0	474.0
529.0	501.0
530.0	482.0
531.0	472.0
532.0	498.0
533.0	472.0
534.0	492.0
535.0	435.0
536.0	448.0
537.0	458.0
538.0	428.0
539.0	456.0
540.0	435.0
541.0	384.0
542.0	448.0
543.0	448.0
544.0	421.0
545.0	423.0
546.0	429.0
547.0	453.0
548.0	463.0
549.0	423.0
550.0	414.0
551.0	393.0
552.0	394.0
553.0	393.0
554.0	392.0
555.0	369.0
556.0	409.0
557.0	426.0
558.0	380.0
559.0	379.0
560.0	417.0
561.0	391.0
562.0	399.0
563.0	369.0
564.0	373.0
565.0	395.0
566.0	400.0
567.0	352.0
568.0	412.0
569.0	430.0
570.0	388.0
571.0	389.0
572.0	372.0
573.0	400.0
574.0	396.0
575.0	364.0
576.0	394.0
577.0	392.0
578.0	363.0
579.0	334.0
580.0	382.0
581.0	361.0
582.0	362.0
583.0	359.0
584.0	328.0
585.0	330.0
586.0	323.0
587.0	333.0
588.0	320.0
589.0	332.0
590.0	385.0
591.0	348.0
592.0	331.0
593.0	349.0
594.0	333.0
595.0	332.0
596.0	373.0
597.0	339.0
598.0	390.0
599.0	313.0
600.0	340.0
601.0	307.0
602.0	341.0
603.0	289.0
604.0	321.0
605.0	300.0
606.0	309.0
607.0	336.0
608.0	315.0
609.0	304.0
610.0	319.0
611.0	304.0
612.0	337.0
613.0	283.0
614.0	336.0
615.0	314.0
616.0	303.0
617.0	281.0
618.0	271.0
619.0	288.0
620.0	293.0
621.0	278.0
622.0	288.0
623.0	322.0
624.0	312.0
625.0	290.0
626.0	268.0
627.0	312.0
628.0	312.0
629.0	261.0
630.0	273.0
631.0	275.0
632.0	271.0
633.0	276.0
634.0	265.0
635.0	267.0
636.0	268.0
637.0	282.0
638.0	256.0
639.0	251.0
640.0	255.0
641.0	239.0
642.0	279.0
643.0	296.0
644.0	267.0
645.0	250.0
646.0	280.0
647.0	273.0
648.0	264.0
649.0	239.0
650.0	251.0
651.0	257.0
652.0	227.0
653.0	215.0
654.0	259.0
655.0	244.0
656.0	229.0
657.0	231.0
658.0	219.0
659.0	231.0
660.0	224.0
661.0	222.0
662.0	213.0
663.0	240.0
664.0	229.0
665.0	226.0
666.0	229.0
667.0	235.0
668.0	231.0
669.0	237.0
670.0	209.0
671.0	248.0
672.0	232.0
673.0	225.0
674.0	232.0
675.0	210.0
676.0	242.0
677.0	208.0
678.0	219.0
679.0	239.0
680.0	221.0
681.0	194.0
682.0	205.0
683.0	231.0
684.0	215.0
685.0	206.0
686.0	179.0
687.0	227.0
688.0	202.0
689.0	210.0
690.0	226.0
691.0	231.0
692.0	206.0
693.0	239.0
694.0	219.0
695.0	205.0
696.0	217.0
697.0	208.0
698.0	223.0
699.0	218.0
700.0	223.0
701.0	206.0
702.0	218.0
703.0	181.0
704.0	192.0
705.0	222.0
706.0	222.0
707.0	209.0
708.0	204.0
709.0	193.0
710.0	205.0
711.0	235.0
712.0	200.0
713.0	245.0
714.0	229.0
715.0	228.0
716.0	225.0
717.0	242.0
718.0	198.0
719.0	182.0
720.0	189.0
721.0	202.0
722.0	237.0
723.0	227.0
724.0	213.0
725.0	223.0
726.0	184.0
727.0	197.0
728.0	211.0
729.0	196.0
730.0	194.0
731.0	204.0
732.0	204.0
733.0	164.0
734.0	202.0
735.0	216.0
736.0	181.0
737.0	193.0
738.0	189.0
739.0	197.0
740.0	190.0
741.0	189.0
742.0	181.0
743.0	178.0
744.0	180.0
745.0	220.0
746.0	193.0
747.0	184.0
748.0	194.0
749.0	201.0
750.0	192.0
751.0	193.0
752.0	192.0
753.0	181.0
754.0	177.0
755.0	173.0
756.0	216.0
757.0	179.0
758.0	179.0
759.0	192.0
760.0	200.0
761.0	164.0
762.0	169.0
763.0	198.0
764.0	191.0
765.0	189.0
766.0	195.0
767.0	177.0
768.0	180.0
769.0	177.0
770.0	179.0
771.0	181.0
772.0	159.0
773.0	154.0
774.0	172.0
775.0	170.0
776.0	161.0
777.0	170.0
778.0	153.0
779.0	161.0
780.0	169.0
781.0	164.0
782.0	143.0
783.0	151.0
784.0	133.0
785.0	139.0
786.0	144.0
787.0	161.0
788.0	121.0
789.0	128.0
790.0	144.0
791.0	169.0
792.0	126.0
793.0	124.0
794.0	155.0
795.0	121.0
796.0	123.0
797.0	129.0
798.0	148.0
799.0	150.0
800.0	153.0
801.0	129.0
802.0	137.0
803.0	127.0
804.0	130.0
805.0	147.0
806.0	129.0
807.0	140.0
808.0	140.0
809.0	140.0
810.0	132.0
811.0	133.0
812.0	112.0
813.0	131.0
814.0	127.0
815.0	127.0
816.0	144.0
817.0	124.0
818.0	118.0
819.0	110.0
820.0	135.0
821.0	102.0
822.0	114.0
823.0	123.0
824.0	125.0
825.0	124.0
826.0	127.0
827.0	131.0
828.0	124.0
829.0	127.0
830.0	125.0
831.0	117.0
832.0	113.0
833.0	113.0
834.0	123.0
835.0	102.0
836.0	110.0
837.0	119.0
838.0	129.0
839.0	121.0
840.0	96.0
841.0	117.0
842.0	106.0
843.0	115.0
844.0	116.0
845.0	112.0
846.0	106.0
847.0	116.0
848.0	119.0
849.0	106.0
850.0	118.0
851.0	123.0
852.0	94.0
853.0	115.0
854.0	117.0
855.0	118.0
856.0	87.0
857.0	102.0
858.0	118.0
859.0	115.0
860.0	83.0
861.0	93.0
862.0	113.0
863.0	115.0
864.0	94.0
865.0	116.0
866.0	95.0
867.0	114.0
868.0	102.0
869.0	96.0
870.0	113.0
871.0	91.0
872.0	105.0
873.0	112.0
874.0	110.0
875.0	103.0
876.0	88.0
877.0	84.0
878.0	96.0
879.0	111.0
880.0	100.0
881.0	93.0
882.0	122.0
883.0	85.0
884.0	109.0
885.0	87.0
886.0	95.0
887.0	80.0
888.0	91.0
889.0	95.0
890.0	93.0
891.0	90.0
892.0	90.0
893.0	107.0
894.0	108.0
895.0	104.0
896.0	86.0
897.0	101.0
898.0	104.0
899.0	96.0
900.0	89.0
901.0	86.0
902.0	114.0
903.0	108.0
904.0	102.0
905.0	102.0
906.0	96.0
907.0	100.0
908.0	79.0
909.0	104.0
910.0	66.0
911.0	94.0
912.0	103.0
913.0	105.0
914.0	80.0
915.0	102.0
916.0	105.0
917.0	103.0
918.0	93.0
919.0	98.0
920.0	90.0
921.0	87.0
922.0	87.0
923.0	101.0
924.0	97.0
925.0	96.0
926.0	83.0
927.0	96.0
928.0	80.0
929.0	86.0
930.0	104.0
931.0	83.0
932.0	78.0
933.0	95.0
934.0	89.0
935.0	87.0
936.0	103.0
937.0	93.0
938.0	84.0
939.0	98.0
940.0	101.0
941.0	85.0
942.0	80.0
943.0	78.0
944.0	86.0
945.0	102.0
946.0	92.0
947.0	85.0
948.0	77.0
949.0	87.0
950.0	85.0
951.0	72.0
952.0	84.0
953.0	82.0
954.0	94.0
955.0	95.0
956.0	99.0
957.0	82.0
958.0	72.0
959.0	88.0
960.0	100.0
961.0	88.0
962.0	81.0
963.0	74.0
964.0	88.0
965.0	105.0
966.0	88.0
967.0	76.0
968.0	76.0
969.0	75.0
970.0	83.0
971.0	94.0
972.0	93.0
973.0	85.0
974.0	99.0
975.0	88.0
976.0	81.0
977.0	85.0
978.0	103.0
979.0	94.0
980.0	79.0
981.0	68.0
982.0	84.0
983.0	88.0
984.0	91.0
985.0	78.0
986.0	105.0
987.0	98.0
988.0	93.0
989.0	81.0
990.0	74.0
991.0	79.0
992.0	88.0
993.0	108.0
994.0	80.0
995.0	87.0
996.0	75.0
997.0	93.0
998.0	71.0
999.0	92.0
1000.0	69.0
1001.0	94.0
1002.0	96.0
1003.0	107.0
1004.0	85.0
1005.0	80.0
1006.0	97.0
1007.0	93.0
1008.0	76.0
1009.0	89.0
1010.0	84.0
1011.0	80.0
1012.0	72.0
1013.0	83.0
1014.0	76.0
1015.0	83.0
1016.0	73.0
1017.0	90.0
1018.0	74.0
1019.0	73.0
1020.0	59.0
1021.0	85.0
1022.0	83.0
1023.0	83.0
1024.0	75.0
1025.0	69.0
1026.0	81.0
1027.0	82.0
1028.0	80.0
1029.0	62.0
1030.0	70.0
1031.0	64.0
1032.0	77.0
1033.0	65.0
1034.0	70.0
1035.0	66.0
1036.0	73.0
1037.0	89.0
1038.0	61.0
1039.0	82.0
1040.0	67.0
1041.0	77.0
1042.0	66.0
1043.0	75.0
1044.0	89.0
1045.0	74.0
1046.0	71.0
1047.0	79.0
1048.0	55.0
1049.0	76.0
1050.0	60.0
1051.0	62.0
1052.0	66.0
1053.0	52.0
1054.0	60.0
1055.0	70.0
1056.0	63.0
1057.0	52.0
1058.0	80.0
1059.0	83.0
1060.0	62.0
1061.0	66.0
1062.0	50.0
1063.0	59.0
1064.0	55.0
1065.0	63.0
1066.0	61.0
1067.0	61.0
1068.0	73.0
1069.0	57.0
1070.0	56.0
1071.0	70.0
1072.0	55.0
1073.0	56.0
1074.0	72.0
1075.0	54.0
1076.0	68.0
1077.0	57.0
1078.0	67.0
1079.0	59.0
1080.0	72.0
1081.0	43.0
1082.0	50.0
1083.0	55.0
1084.0	75.0
1085.0	60.0
1086.0	67.0
1087.0	49.0
1088.0	52.0
1089.0	71.0
1090.0	61.0
1091.0	69.0
1092.0	64.0
1093.0	71.0
1094.0	46.0
1095.0	62.0
1096.0	64.0
1097.0	64.0
1098.0	73.0
1099.0	53.0
1100.0	60.0
1101.0	50.0
1102.0	56.0
1103.0	50.0
1104.0	64.0
1105.0	65.0
1106.0	59.0
1107.0	55.0
1108.0	62.0
1109.0	65.0
1110.0	52.0
1111.0	65.0
1112.0	56.0
1113.0	49.0
1114.0	62.0
1115.0	53.0
1116.0	57.0
1117.0	56.0
1118.0	70.0
1119.0	74.0
1120.0	51.0
1121.0	56.0
1122.0	58.0
1123.0	43.0
1124.0	48.0
1125.0	59.0
1126.0	52.0
1127.0	57.0
1128.0	60.0
1129.0	57.0
1130.0	60.0
1131.0	66.0
1132.0	47.0
1133.0	66.0
1134.0	75.0
1135.0	51.0
1136.0	59.0
1137.0	64.0
1138.0	56.0
1139.0	68.0
1140.0	50.0
1141.0	58.0
1142.0	51.0
1143.0	71.0
1144.0	51.0
1145.0	50.0
1146.0	47.0
1147.0	60.0
1148.0	62.0
1149.0	75.0
1150.0	57.0
1151.0	44.0
1152.0	62.0
1153.0	57.0
1154.0	67.0
1155.0	80.0
1156.0	62.0
1157.0	56.0
1158.0	60.0
1159.0	55.0
1160.0	58.0
1161.0	45.0
1162.0	59.0
1163.0	51.0
1164.0	51.0
1165.0	53.0
1166.0	56.0
1167.0	73.0
1168.0	58.0
1169.0	56.0
1170.0	44.0
1171.0	56.0
1172.0	61.0
1173.0	58.0
1174.0	54.0
1175.0	45.0
1176.0	60.0
1177.0	46.0
1178.0	54.0
1179.0	48.0
1180.0	48.0
1181.0	48.0
1182.0	56.0
1183.0	60.0
1184.0	43.0
1185.0	57.0
1186.0	44.0
1187.0	46.0
1188.0	51.0
1189.0	43.0
1190.0	53.0
1191.0	29.0
1192.0	50.0
1193.0	40.0
1194.0	40.0
1195.0	30.0
1196.0	47.0
1197.0	48.0
1198.0	49.0
1199.0	44.0
1200.0	52.0
1201.0	59.0
1202.0	43.0
1203.0	37.0
1204.0	45.0
1205.0	47.0
1206.0	41.0
1207.0	48.0
1208.0	45.0
1209.0	41.0
1210.0	42.0
1211.0	39.0
1212.0	31.0
1213.0	48.0
1214.0	34.0
1215.0	44.0
1216.0	37.0
1217.0	39.0
1218.0	27.0
1219.0	48.0
1220.0	46.0
1221.0	38.0
1222.0	33.0
1223.0	41.0
1224.0	47.0
1225.0	37.0
1226.0	28.0
1227.0	50.0
1228.0	42.0
1229.0	41.0
1230.0	35.0
1231.0	46.0
1232.0	44.0
1233.0	33.0
1234.0	30.0
1235.0	45.0
1236.0	37.0
1237.0	43.0
1238.0	41.0
1239.0	39.0
1240.0	37.0
1241.0	34.0
1242.0	27.0
1243.0	47.0
1244.0	34.0
1245.0	35.0
1246.0	33.0
1247.0	37.0
1248.0	32.0
1249.0	34.0
1250.0	31.0
1251.0	48.0
1252.0	44.0
1253.0	38.0
1254.0	38.0
1255.0	37.0
1256.0	33.0
1257.0	48.0
1258.0	50.0
1259.0	41.0
1260.0	25.0
1261.0	32.0
1262.0	50.0
1263.0	39.0
1264.0	42.0
1265.0	36.0
1266.0	28.0
1267.0	41.0
1268.0	44.0
1269.0	42.0
1270.0	46.0
1271.0	42.0
1272.0	49.0
1273.0	46.0
1274.0	56.0
1275.0	43.0
1276.0	34.0
1277.0	39.0
1278.0	34.0
1279.0	35.0
1280.0	30.0
1281.0	49.0
1282.0	40.0
1283.0	42.0
1284.0	38.0
1285.0	35.0
1286.0	46.0
1287.0	38.0
1288.0	37.0
1289.0	42.0
1290.0	39.0
1291.0	45.0
1292.0	32.0
1293.0	45.0
1294.0	36.0
1295.0	31.0
1296.0	38.0
1297.0	34.0
1298.0	36.0
1299.0	42.0
1300.0	33.0
1301.0	46.0
1302.0	41.0
1303.0	25.0
1304.0	43.0
1305.0	50.0
1306.0	38.0
1307.0	29.0
1308.0	46.0
1309.0	42.0
1310.0	18.0
1311.0	31.0
1312.0	44.0
1313.0	39.0
1314.0	28.0
1315.0	41.0
1316.0	37.0
1317.0	31.0
1318.0	41.0
1319.0	38.0
1320.0	39.0
1321.0	37.0
1322.0	36.0
1323.0	26.0
1324.0	32.0
1325.0	48.0
1326.0	35.0
1327.0	27.0
1328.0	39.0
1329.0	27.0
1330.0	31.0
1331.0	38.0
1332.0	33.0
1333.0	39.0
1334.0	42.0
1335.0	24.0
1336.0	35.0
1337.0	29.0
1338.0	35.0
1339.0	33.0
1340.0	39.0
1341.0	39.0
1342.0	29.0
1343.0	27.0
1344.0	39.0
1345.0	20.0
1346.0	42.0
1347.0	35.0
1348.0	36.0
1349.0	31.0
1350.0	28.0
1351.0	35.0
1352.0	23.0
1353.0	26.0
1354.0	28.0
1355.0	34.0
1356.0	32.0
1357.0	33.0
1358.0	27.0
1359.0	32.0
1360.0	36.0
1361.0	26.0
1362.0	35.0
1363.0	33.0
1364.0	28.0
1365.0	31.0
1366.0	36.0
1367.0	27.0
1368.0	32.0
1369.0	38.0
1370.0	26.0
1371.0	37.0
1372.0	33.0
1373.0	35.0
1374.0	37.0
1375.0	33.0
1376.0	33.0
1377.0	34.0
1378.0	31.0
1379.0	32.0
1380.0	40.0
1381.0	30.0
1382.0	35.0
1383.0	23.0
1384.0	31.0
1385.0	29.0
1386.0	35.0
1387.0	31.0
1388.0	28.0
1389.0	21.0
1390.0	44.0
1391.0	29.0
1392.0	25.0
1393.0	26.0
1394.0	32.0
1395.0	31.0
1396.0	30.0
1397.0	27.0
1398.0	34.0
1399.0	29.0
1400.0	28.0
1401.0	31.0
1402.0	31.0
1403.0	35.0
1404.0	29.0
1405.0	24.0
1406.0	28.0
1407.0	27.0
1408.0	41.0
1409.0	32.0
1410.0	31.0
1411.0	26.0
1412.0	20.0
1413.0	38.0
1414.0	30.0
1415.0	23.0
1416.0	39.0
1417.0	30.0
1418.0	33.0
1419.0	32.0
1420.0	27.0
1421.0	27.0
1422.0	31.0
1423.0	28.0
1424.0	20.0
1425.0	23.0
1426.0	34.0
1427.0	30.0
1428.0	34.0
1429.0	33.0
1430.0	41.0
1431.0	29.0
1432.0	42.0
1433.0	22.0
1434.0	40.0
1435.0	32.0
1436.0	37.0
1437.0	36.0
1438.0	33.0
1439.0	33.0
1440.0	30.0
1441.0	35.0
1442.0	35.0
1443.0	30.0
1444.0	29.0
1445.0	31.0
1446.0	30.0
1447.0	37.0
1448.0	24.0
1449.0	37.0
1450.0	32.0
1451.0	27.0
1452.0	35.0
1453.0	41.0
1454.0	33.0
1455.0	30.0
1456.0	26.0
1457.0	27.0
1458.0	29.0
1459.0	28.0
1460.0	38.0
1461.0	30.0
1462.0	25.0
1463.0	25.0
1464.0	35.0
1465.0	24.0
1466.0	45.0
1467.0	35.0
1468.0	39.0
1469.0	26.0
1470.0	41.0
1471.0	38.0
1472.0	35.0
1473.0	35.0
1474.0	36.0
1475.0	46.0
1476.0	40.0
1477.0	28.0
1478.0	32.0
1479.0	35.0
1480.0	35.0
1481.0	41.0
1482.0	31.0
1483.0	31.0
1484.0	32.0
1485.0	28.0
1486.0	32.0
1487.0	30.0
1488.0	31.0
1489.0	29.0
1490.0	21.0
1491.0	29.0
1492.0	31.0
1493.0	23.0
1494.0	28.0
1495.0	36.0
1496.0	28.0
1497.0	41.0
1498.0	35.0
1499.0	29.0
1500.0	35.0
1501.0	34.0
1502.0	36.0
1503.0	27.0
1504.0	31.0
1505.0	34.0
1506.0	24.0
1507.0	38.0
1508.0	44.0
1509.0	27.0
1510.0	29.0
1511.0	38.0
1512.0	33.0
1513.0	30.0
1514.0	39.0
1515.0	30.0
1516.0	30.0
1517.0	28.0
1518.0	36.0
1519.0	30.0
1520.0	31.0
1521.0	31.0
1522.0	32.0
1523.0	28.0
1524.0	30.0
1525.0	44.0
1526.0	38.0
1527.0	45.0
1528.0	28.0
1529.0	33.0
1530.0	39.0
1531.0	25.0
1532.0	33.0
1533.0	46.0
1534.0	39.0
1535.0	38.0
1536.0	32.0
1537.0	27.0
1538.0	25.0
1539.0	38.0
1540.0	28.0
1541.0	31.0
1542.0	22.0
1543.0	30.0
1544.0	33.0
1545.0	33.0
1546.0	32.0
1547.0	29.0
1548.0	44.0
1549.0	33.0
1550.0	31.0
1551.0	28.0
1552.0	24.0
1553.0	33.0
1554.0	37.0
1555.0	33.0
1556.0	38.0
1557.0	31.0
1558.0	34.0
1559.0	28.0
1560.0	22.0
1561.0	34.0
1562.0	37.0
1563.0	38.0
1564.0	31.0
1565.0	25.0
1566.0	32.0
1567.0	36.0
1568.0	26.0
1569.0	30.0
1570.0	21.0
1571.0	29.0
1572.0	26.0
1573.0	28.0
1574.0	32.0
1575.0	29.0
1576.0	41.0
1577.0	23.0
1578.0	34.0
1579.0	37.0
1580.0	35.0
1581.0	38.0
1582.0	25.0
1583.0	36.0
1584.0	36.0
1585.0	21.0
1586.0	27.0
1587.0	31.0
1588.0	25.0
1589.0	30.0
1590.0	28.0
1591.0	28.0
1592.0	29.0
1593.0	31.0
1594.0	19.0
1595.0	30.0
1596.0	32.0
1597.0	25.0
1598.0	33.0
1599.0	29.0
1600.0	30.0
1601.0	27.0
1602.0	33.0
1603.0	22.0
1604.0	29.0
1605.0	24.0
1606.0	30.0
1607.0	24.0
1608.0	24.0
1609.0	23.0
1610.0	19.0
1611.0	15.0
1612.0	17.0
1613.0	27.0
1614.0	24.0
1615.0	28.0
1616.0	29.0
1617.0	20.0
1618.0	30.0
1619.0	20.0
1620.0	14.0
1621.0	27.0
1622.0	18.0
1623.0	29.0
1624.0	21.0
1625.0	22.0
1626.0	21.0
1627.0	20.0
1628.0	23.0
1629.0	19.0
1630.0	29.0
1631.0	22.0
1632.0	22.0
1633.0	21.0
1634.0	29.0
1635.0	24.0
1636.0	25.0
1637.0	27.0
1638.0	27.0
1639.0	28.0
1640.0	26.0
1641.0	25.0
1642.0	22.0
1643.0	15.0
1644.0	24.0
1645.0	26.0
1646.0	27.0
1647.0	22.0
1648.0	26.0
1649.0	20.0
1650.0	22.0
1651.0	23.0
1652.0	21.0
1653.0	26.0
1654.0	29.0
1655.0	20.0
1656.0	22.0
1657.0	28.0
1658.0	18.0
1659.0	25.0
1660.0	20.0
1661.0	14.0
1662.0	17.0
1663.0	29.0
1664.0	20.0
1665.0	20.0
1666.0	17.0
1667.0	26.0
1668.0	16.0
1669.0	19.0
1670.0	11.0
1671.0	22.0
1672.0	14.0
1673.0	15.0
1674.0	26.0
1675.0	20.0
1676.0	16.0
1677.0	23.0
1678.0	15.0
1679.0	19.0
1680.0	20.0
1681.0	31.0
1682.0	18.0
1683.0	16.0
1684.0	18.0
1685.0	17.0
1686.0	23.0
1687.0	23.0
1688.0	15.0
1689.0	19.0
1690.0	23.0
1691.0	21.0
1692.0	27.0
1693.0	12.0
1694.0	12.0
1695.0	19.0
1696.0	9.0
1697.0	20.0
1698.0	24.0
1699.0	19.0
1700.0	20.0
1701.0	30.0
1702.0	22.0
1703.0	22.0
1704.0	14.0
1705.0	22.0
1706.0	21.0
1707.0	21.0
1708.0	20.0
1709.0	17.0
1710.0	24.0
1711.0	18.0
1712.0	20.0
1713.0	12.0
1714.0	23.0
1715.0	13.0
1716.0	22.0
1717.0	19.0
1718.0	19.0
1719.0	21.0
1720.0	21.0
1721.0	19.0
1722.0	22.0
1723.0	20.0
1724.0	21.0
1725.0	20.0
1726.0	19.0
1727.0	18.0
1728.0	17.0
1729.0	19.0
1730.0	16.0
1731.0	26.0
1732.0	18.0
1733.0	12.0
1734.0	13.0
1735.0	18.0
1736.0	18.0
1737.0	15.0
1738.0	10.0
1739.0	8.0
1740.0	20.0
1741.0	25.0
1742.0	15.0
1743.0	20.0
1744.0	27.0
1745.0	15.0
1746.0	17.0
1747.0	22.0
1748.0	10.0
1749.0	18.0
1750.0	15.0
1751.0	15.0
1752.0	20.0
1753.0	18.0
1754.0	16.0
1755.0	17.0
1756.0	20.0
1757.0	13.0
1758.0	18.0
1759.0	14.0
1760.0	15.0
1761.0	11.0
1762.0	15.0
1763.0	23.0
1764.0	18.0
1765.0	12.0
1766.0	18.0
1767.0	8.0
1768.0	14.0
1769.0	14.0
1770.0	9.0
1771.0	15.0
1772.0	10.0
1773.0	11.0
1774.0	16.0
1775.0	10.0
1776.0	15.0
1777.0	8.0
1778.0	9.0
1779.0	13.0
1780.0	12.0
1781.0	15.0
1782.0	10.0
1783.0	13.0
1784.0	12.0
1785.0	8.0
1786.0	16.0
1787.0	18.0
1788.0	13.0
1789.0	17.0
1790.0	8.0
1791.0	9.0
1792.0	19.0
1793.0	11.0
1794.0	12.0
1795.0	17.0
1796.0	15.0
1797.0	15.0
1798.0	14.0
1799.0	6.0
1800.0	13.0
1801.0	17.0
1802.0	14.0
1803.0	13.0
1804.0	17.0
1805.0	12.0
1806.0	13.0
1807.0	13.0
1808.0	16.0
1809.0	19.0
1810.0	14.0
1811.0	20.0
1812.0	11.0
1813.0	11.0
1814.0	13.0
1815.0	15.0
1816.0	17.0
1817.0	8.0
1818.0	15.0
1819.0	17.0
1820.0	14.0
1821.0	15.0
1822.0	14.0
1823.0	14.0
1824.0	9.0
1825.0	10.0
1826.0	14.0
1827.0	15.0
1828.0	14.0
1829.0	12.0
1830.0	14.0
1831.0	11.0
1832.0	12.0
1833.0	18.0
1834.0	17.0
1835.0	8.0
1836.0	16.0
1837.0	10.0
1838.0	13.0
1839.0	10.0
1840.0	20.0
1841.0	15.0
1842.0	15.0
1843.0	13.0
1844.0	12.0
1845.0	19.0
1846.0	14.0
1847.0	14.0
1848.0	11.0
1849.0	8.0
1850.0	9.0
1851.0	14.0
1852.0	7.0
1853.0	16.0
1854.0	12.0
1855.0	10.0
1856.0	11.0
1857.0	10.0
1858.0	9.0
1859.0	19.0
1860.0	8.0
1861.0	15.0
1862.0	9.0
1863.0	17.0
1864.0	10.0
1865.0	13.0
1866.0	16.0
1867.0	15.0
1868.0	13.0
1869.0	14.0
1870.0	12.0
1871.0	9.0
1872.0	16.0
1873.0	18.0
1874.0	19.0
1875.0	14.0
1876.0	16.0
1877.0	11.0
1878.0	14.0
1879.0	6.0
1880.0	11.0
1881.0	16.0
1882.0	19.0
1883.0	13.0
1884.0	13.0
1885.0	14.0
1886.0	7.0
1887.0	12.0
1888.0	11.0
1889.0	7.0
1890.0	5.0
1891.0	8.0
1892.0	9.0
1893.0	16.0
1894.0	11.0
1895.0	11.0
1896.0	10.0
1897.0	10.0
1898.0	15.0
1899.0	10.0
1900.0	13.0
1901.0	16.0
1902.0	8.0
1903.0	14.0
1904.0	7.0
1905.0	10.0
1906.0	19.0
1907.0	9.0
1908.0	14.0
1909.0	10.0
1910.0	6.0
1911.0	5.0
1912.0	11.0
1913.0	13.0
1914.0	16.0
1915.0	15.0
1916.0	9.0
1917.0	11.0
1918.0	8.0
1919.0	16.0
1920.0	18.0
1921.0	16.0
1922.0	9.0
1923.0	21.0
1924.0	11.0
1925.0	13.0
1926.0	12.0
1927.0	12.0
1928.0	11.0
1929.0	11.0
1930.0	13.0
1931.0	13.0
1932.0	14.0
1933.0	11.0
1934.0	11.0
1935.0	9.0
1936.0	17.0
1937.0	14.0
1938.0	15.0
1939.0	19.0
1940.0	13.0
1941.0	18.0
1942.0	12.0
1943.0	17.0
1944.0	15.0
1945.0	21.0
1946.0	13.0
1947.0	15.0
1948.0	16.0
1949.0	11.0
1950.0	17.0
1951.0	16.0
1952.0	10.0
1953.0	16.0
1954.0	18.0
1955.0	14.0
1956.0	15.0
1957.0	15.0
1958.0	16.0
1959.0	15.0
1960.0	17.0
1961.0	19.0
1962.0	24.0
1963.0	8.0
1964.0	15.0
1965.0	12.0
1966.0	15.0
1967.0	12.0
1968.0	16.0
1969.0	10.0
1970.0	13.0
1971.0	12.0
1972.0	14.0
1973.0	16.0
1974.0	13.0
1975.0	13.0
1976.0	9.0
1977.0	13.0
1978.0	21.0
1979.0	16.0
1980.0	11.0
1981.0	11.0
1982.0	17.0
1983.0	17.0
1984.0	13.0
1985.0	11.0
1986.0	20.0
1987.0	17.0
1988.0	16.0
1989.0	19.0
1990.0	18.0
1991.0	13.0
1992.0	17.0
1993.0	16.0
1994.0	15.0
1995.0	18.0
1996.0	11.0
1997.0	7.0
1998.0	14.0
1999.0	12.0
2000.0	19.0
2001.0	15.0
2002.0	14.0
2003.0	12.0
2004.0	14.0
2005.0	7.0
2006.0	14.0
2007.0	9.0
2008.0	14.0
2009.0	15.0
2010.0	12.0
2011.0	21.0
2012.0	11.0
2013.0	20.0
2014.0	10.0
2015.0	12.0
2016.0	11.0
2017.0	19.0
2018.0	11.0
2019.0	14.0
2020.0	8.0
2021.0	19.0
2022.0	12.0
2023.0	7.0
2024.0	14.0
2025.0	5.0
2026.0	14.0
2027.0	11.0
2028.0	9.0
2029.0	11.0
2030.0	11.0
2031.0	11.0
2032.0	15.0
2033.0	16.0
2034.0	14.0
2035.0	17.0
2036.0	16.0
2037.0	10.0
2038.0	11.0
2039.0	11.0
2040.0	12.0
2041.0	7.0
2042.0	8.0
2043.0	10.0
2044.0	8.0
2045.0	7.0
2046.0	12.0
2047.0	9.0
2048.0	15.0
2049.0	10.0
2050.0	8.0
2051.0	10.0
2052.0	9.0
2053.0	4.0
2054.0	11.0
2055.0	12.0
2056.0	6.0
2057.0	7.0
2058.0	9.0
2059.0	11.0
2060.0	6.0
2061.0	9.0
2062.0	7.0
2063.0	5.0
2064.0	10.0
2065.0	8.0
2066.0	9.0
2067.0	9.0
2068.0	12.0
2069.0	9.0
2070.0	9.0
2071.0	10.0
2072.0	10.0
2073.0	6.0
2074.0	11.0
2075.0	11.0
2076.0	10.0
2077.0	9.0
2078.0	13.0
2079.0	11.0
2080.0	6.0
2081.0	6.0
2082.0	8.0
2083.0	6.0
2084.0	13.0
2085.0	10.0
2086.0	7.0
2087.0	10.0
2088.0	9.0
2089.0	10.0
2090.0	11.0
2091.0	16.0
2092.0	16.0
2093.0	13.0
2094.0	11.0
2095.0	8.0
2096.0	10.0
2097.0	6.0
2098.0	8.0
2099.0	9.0
2100.0	8.0
2101.0	8.0
2102.0	10.0
2103.0	10.0
2104.0	5.0
2105.0	8.0
2106.0	12.0
2107.0	11.0
2108.0	8.0
2109.0	6.0
2110.0	7.0
2111.0	5.0
2112.0	9.0
2113.0	9.0
2114.0	3.0
2115.0	10.0
2116.0	8.0
2117.0	9.0
2118.0	10.0
2119.0	5.0
2120.0	6.0
2121.0	4.0
2122.0	6.0
2123.0	8.0
2124.0	10.0
2125.0	5.0
2126.0	9.0
2127.0	6.0
2128.0	9.0
2129.0	8.0
2130.0	8.0
2131.0	9.0
2132.0	4.0
2133.0	7.0
2134.0	11.0
2135.0	12.0
2136.0	16.0
2137.0	10.0
2138.0	6.0
2139.0	6.0
2140.0	7.0
2141.0	7.0
2142.0	8.0
2143.0	5.0
2144.0	10.0
2145.0	10.0
2146.0	7.0
2147.0	8.0
2148.0	6.0
2149.0	7.0
2150.0	6.0
2151.0	5.0
2152.0	9.0
2153.0	6.0
2154.0	6.0
2155.0	9.0
2156.0	5.0
2157.0	2.0
2158.0	6.0
2159.0	8.0
2160.0	6.0
2161.0	5.0
2162.0	8.0
2163.0	3.0
2164.0	3.0
2165.0	7.0
2166.0	5.0
2167.0	3.0
2168.0	2.0
2169.0	7.0
2170.0	5.0
2171.0	3.0
2172.0	5.0
2173.0	8.0
2174.0	8.0
2175.0	7.0
2176.0	6.0
2177.0	5.0
2178.0	5.0
2179.0	6.0
2180.0	9.0
2181.0	3.0
2182.0	3.0
2183.0	4.0
2184.0	7.0
2185.0	4.0
2186.0	4.0
2187.0	10.0
2188.0	8.0
2189.0	6.0
2190.0	2.0
2191.0	7.0
2192.0	7.0
2193.0	7.0
2194.0	5.0
2195.0	6.0
2196.0	3.0
2197.0	8.0
2198.0	11.0
2199.0	2.0
2200.0	3.0
2201.0	4.0
2202.0	6.0
2204.0	6.0
2205.0	8.0
2206.0	7.0
2207.0	6.0
2208.0	12.0
2209.0	9.0
2210.0	5.0
2211.0	4.0
2212.0	5.0
2213.0	4.0
2214.0	5.0
2215.0	8.0
2216.0	6.0
2217.0	6.0
2218.0	6.0
2219.0	8.0
2220.0	7.0
2221.0	7.0
2222.0	7.0
2223.0	5.0
2224.0	7.0
2225.0	8.0
2226.0	5.0
2227.0	7.0
2228.0	3.0
2229.0	4.0
2230.0	3.0
2231.0	5.0
2232.0	2.0
2233.0	5.0
2234.0	2.0
2235.0	10.0
2236.0	2.0
2237.0	5.0
2238.0	7.0
2239.0	7.0
2240.0	2.0
2241.0	1.0
2242.0	3.0
2243.0	5.0
2244.0	3.0
2245.0	5.0
2246.0	5.0
2247.0	6.0
2248.0	5.0
2249.0	6.0
2250.0	2.0
2251.0	6.0
2252.0	9.0
2253.0	4.0
2254.0	5.0
2255.0	2.0
2256.0	5.0
2257.0	5.0
2258.0	6.0
2259.0	15.0
2260.0	2.0
2261.0	3.0
2262.0	5.0
2263.0	4.0
2264.0	7.0
2265.0	5.0
2266.0	4.0
2267.0	6.0
2268.0	5.0
2269.0	6.0
2270.0	5.0
2271.0	5.0
2272.0	7.0
2273.0	5.0
2274.0	5.0
2275.0	5.0
2276.0	6.0
2277.0	7.0
2278.0	5.0
2279.0	3.0
2280.0	5.0
2281.0	6.0
2282.0	9.0
2283.0	5.0
2284.0	3.0
2285.0	3.0
2286.0	5.0
2287.0	6.0
2288.0	8.0
2289.0	8.0
2290.0	6.0
2291.0	5.0
2292.0	5.0
2293.0	5.0
2294.0	5.0
2295.0	7.0
2296.0	8.0
2297.0	4.0
2298.0	6.0
2299.0	7.0
2300.0	10.0
2301.0	5.0
2302.0	5.0
2303.0	8.0
2304.0	3.0
2305.0	7.0
2306.0	3.0
2307.0	7.0
2308.0	10.0
2309.0	4.0
2310.0	4.0
2311.0	8.0
2312.0	3.0
2313.0	6.0
2314.0	6.0
2315.0	7.0
2316.0	5.0
2317.0	2.0
2318.0	4.0
2319.0	3.0
2320.0	6.0
2321.0	7.0
2322.0	4.0
2323.0	12.0
2324.0	6.0
2325.0	7.0
2326.0	6.0
2327.0	8.0
2328.0	5.0
2329.0	5.0
2330.0	3.0
2331.0	5.0
2332.0	8.0
2333.0	4.0
2334.0	5.0
2335.0	6.0
2336.0	2.0
2337.0	4.0
2338.0	7.0
2339.0	9.0
2340.0	6.0
2341.0	3.0
2342.0	4.0
2343.0	7.0
2344.0	5.0
2345.0	8.0
2346.0	10.0
2347.0	6.0
2348.0	10.0
2349.0	4.0
2350.0	5.0
2351.0	1.0
2352.0	3.0
2353.0	8.0
2354.0	13.0
2355.0	6.0
2356.0	5.0
2357.0	11.0
2358.0	2.0
2359.0	4.0
2360.0	8.0
2361.0	7.0
2362.0	7.0
2363.0	9.0
2364.0	7.0
2365.0	4.0
2366.0	3.0
2367.0	3.0
2368.0	10.0
2369.0	7.0
2370.0	9.0
2371.0	5.0
2372.0	5.0
2373.0	7.0
2374.0	4.0
2375.0	9.0
2376.0	3.0
2377.0	4.0
2378.0	5.0
2379.0	11.0
2380.0	8.0
2381.0	6.0
2382.0	7.0
2383.0	7.0
2384.0	8.0
2385.0	6.0
2386.0	7.0
2387.0	8.0
2388.0	13.0
2389.0	10.0
2390.0	1.0
2391.0	11.0
2392.0	8.0
2393.0	14.0
2394.0	9.0
2395.0	6.0
2396.0	9.0
2397.0	7.0
2398.0	8.0
2399.0	4.0
2400.0	7.0
2401.0	7.0
2402.0	16.0
2403.0	10.0
2404.0	8.0
2405.0	9.0
2406.0	10.0
2407.0	5.0
2408.0	10.0
2409.0	9.0
2410.0	8.0
2411.0	9.0
2412.0	7.0
2413.0	5.0
2414.0	7.0
2415.0	12.0
2416.0	3.0
2417.0	10.0
2418.0	9.0
2419.0	4.0
2420.0	10.0
2421.0	8.0
2422.0	8.0
2423.0	5.0
2424.0	4.0
2425.0	14.0
2426.0	5.0
2427.0	9.0
2428.0	6.0
2429.0	4.0
2430.0	6.0
2431.0	7.0
2432.0	6.0
2433.0	10.0
2434.0	5.0
2435.0	8.0
2436.0	6.0
2437.0	5.0
2438.0	5.0
2439.0	4.0
2440.0	2.0
2441.0	11.0
2442.0	5.0
2443.0	8.0
2444.0	7.0
2445.0	5.0
2446.0	1.0
2447.0	6.0
2448.0	7.0
2449.0	6.0
2450.0	3.0
2451.0	5.0
2452.0	7.0
2453.0	11.0
2454.0	8.0
2455.0	7.0
2456.0	9.0
2457.0	7.0
2458.0	6.0
2459.0	9.0
2460.0	7.0
2461.0	5.0
2462.0	11.0
2463.0	12.0
2464.0	8.0
2465.0	8.0
2466.0	6.0
2467.0	5.0
2468.0	6.0
2469.0	8.0
2470.0	6.0
2471.0	7.0
2472.0	7.0
2473.0	6.0
2474.0	1.0
2475.0	5.0
2476.0	5.0
2477.0	12.0
2478.0	6.0
2479.0	5.0
2480.0	6.0
2481.0	5.0
2482.0	1.0
2483.0	8.0
2484.0	4.0
2485.0	9.0
2486.0	8.0
2487.0	5.0
2488.0	5.0
2489.0	8.0
2490.0	3.0
2491.0	4.0
2492.0	4.0
2493.0	5.0
2494.0	6.0
2495.0	2.0
2496.0	5.0
2497.0	4.0
2498.0	3.0
2499.0	7.0
2500.0	7.0
2501.0	8.0
2502.0	4.0
2503.0	6.0
2504.0	7.0
2505.0	2.0
2506.0	9.0
2507.0	5.0
2508.0	8.0
2509.0	10.0
2510.0	4.0
2511.0	5.0
2512.0	6.0
2513.0	5.0
2514.0	1.0
2515.0	7.0
2516.0	6.0
2517.0	5.0
2518.0	8.0
2519.0	5.0
2520.0	7.0
2521.0	10.0
2522.0	5.0
2523.0	5.0
2524.0	11.0
2525.0	3.0
2526.0	6.0
2527.0	5.0
2528.0	5.0
2529.0	7.0
2530.0	6.0
2531.0	7.0
2532.0	9.0
2533.0	6.0
2534.0	4.0
2535.0	5.0
2536.0	5.0
2537.0	3.0
2538.0	3.0
2539.0	6.0
2540.0	3.0
2541.0	4.0
2542.0	3.0
2543.0	7.0
2544.0	5.0
2545.0	7.0
2546.0	4.0
2547.0	7.0
2548.0	5.0
2549.0	3.0
2550.0	4.0
2551.0	3.0
2552.0	4.0
2553.0	4.0
2554.0	4.0
2555.0	6.0
2556.0	3.0
2557.0	2.0
2558.0	5.0
2559.0	9.0
2560.0	5.0
2561.0	6.0
2562.0	3.0
2563.0	7.0
2564.0	5.0
2565.0	7.0
2566.0	9.0
2567.0	5.0
2568.0	4.0
2569.0	5.0
2570.0	5.0
2571.0	9.0
2572.0	6.0
2573.0	10.0
2574.0	2.0
2575.0	3.0
2576.0	1.0
2577.0	4.0
2578.0	3.0
2579.0	2.0
2580.0	3.0
2581.0	3.0
2582.0	9.0
2583.0	4.0
2584.0	8.0
2585.0	5.0
2586.0	7.0
2587.0	9.0
2588.0	8.0
2589.0	6.0
2590.0	4.0
2591.0	5.0
2592.0	1.0
2593.0	2.0
2594.0	5.0
2595.0	1.0
2596.0	4.0
2597.0	4.0
2598.0	6.0
2599.0	6.0
2600.0	12.0
2601.0	9.0
2602.0	4.0
2603.0	8.0
2604.0	6.0
2605.0	5.0
2606.0	8.0
2607.0	4.0
2608.0	5.0
2609.0	6.0
2610.0	4.0
2611.0	4.0
2612.0	6.0
2613.0	5.0
2614.0	3.0
2615.0	5.0
2616.0	2.0
2617.0	1.0
2618.0	4.0
2619.0	2.0
2620.0	6.0
2621.0	6.0
2622.0	4.0
2623.0	5.0
2624.0	6.0
2625.0	3.0
2626.0	1.0
2627.0	2.0
2628.0	2.0
2629.0	7.0
2630.0	7.0
2631.0	3.0
2632.0	4.0
2633.0	4.0
2634.0	2.0
2635.0	6.0
2636.0	1.0
2637.0	5.0
2638.0	4.0
2639.0	7.0
2640.0	5.0
2641.0	5.0
2642.0	5.0
2643.0	3.0
2644.0	6.0
2646.0	3.0
2647.0	3.0
2648.0	6.0
2649.0	6.0
2650.0	4.0
2651.0	3.0
2652.0	5.0
2653.0	1.0
2654.0	2.0
2655.0	7.0
2656.0	2.0
2657.0	3.0
2658.0	4.0
2659.0	7.0
2660.0	3.0
2661.0	4.0
2662.0	1.0
2663.0	2.0
2664.0	4.0
2665.0	5.0
2666.0	7.0
2667.0	6.0
2668.0	2.0
2669.0	6.0
2670.0	6.0
2671.0	6.0
2672.0	4.0
2673.0	5.0
2674.0	2.0
2675.0	4.0
2676.0	3.0
2677.0	5.0
2678.0	3.0
2679.0	4.0
2680.0	3.0
2681.0	3.0
2682.0	7.0
2683.0	3.0
2684.0	3.0
2685.0	3.0
2686.0	3.0
2687.0	3.0
2688.0	6.0
2689.0	3.0
2690.0	6.0
2691.0	12.0
2692.0	4.0
2693.0	7.0
2694.0	4.0
2695.0	5.0
2696.0	5.0
2698.0	5.0
2699.0	5.0
2700.0	2.0
2701.0	1.0
2703.0	6.0
2704.0	3.0
2705.0	1.0
2706.0	3.0
2707.0	1.0
2708.0	3.0
2709.0	4.0
2710.0	7.0
2711.0	3.0
2712.0	4.0
2713.0	1.0
2714.0	1.0
2715.0	4.0
2716.0	11.0
2717.0	3.0
2718.0	2.0
2719.0	4.0
2720.0	7.0
2721.0	5.0
2722.0	7.0
2723.0	4.0
2724.0	5.0
2725.0	4.0
2726.0	3.0
2727.0	9.0
2728.0	3.0
2729.0	3.0
2730.0	1.0
2731.0	7.0
2732.0	4.0
2733.0	3.0
2734.0	2.0
2735.0	7.0
2736.0	1.0
2737.0	5.0
2738.0	3.0
2739.0	5.0
2740.0	1.0
2741.0	3.0
2742.0	4.0
2743.0	4.0
2744.0	2.0
2745.0	4.0
2746.0	5.0
2747.0	5.0
2748.0	3.0
2749.0	3.0
2750.0	3.0
2751.0	3.0
2752.0	2.0
2753.0	4.0
2754.0	5.0
2755.0	6.0
2756.0	1.0
2757.0	7.0
2758.0	6.0
2759.0	7.0
2760.0	2.0
2761.0	1.0
2762.0	4.0
2763.0	6.0
2764.0	4.0
2765.0	2.0
2766.0	2.0
2767.0	5.0
2768.0	5.0
2769.0	1.0
2770.0	5.0
2771.0	5.0
2772.0	4.0
2773.0	3.0
2774.0	5.0
2775.0	5.0
2776.0	5.0
2777.0	1.0
2778.0	3.0
2779.0	3.0
2780.0	2.0
2781.0	3.0
2782.0	3.0
2783.0	2.0
2784.0	5.0
2785.0	7.0
2786.0	2.0
2787.0	6.0
2788.0	4.0
2789.0	4.0
2790.0	1.0
2791.0	4.0
2792.0	4.0
2793.0	4.0
2794.0	1.0
2795.0	2.0
2796.0	5.0
2797.0	5.0
2798.0	2.0
2799.0	1.0
2800.0	5.0
2801.0	7.0
2802.0	1.0
2803.0	7.0
2804.0	4.0
2805.0	3.0
2806.0	3.0
2808.0	4.0
2809.0	1.0
2810.0	5.0
2811.0	4.0
2812.0	5.0
2813.0	2.0
2814.0	2.0
2815.0	4.0
2816.0	4.0
2817.0	10.0
2818.0	6.0
2819.0	2.0
2820.0	6.0
2821.0	6.0
2822.0	3.0
2823.0	4.0
2824.0	2.0
2825.0	3.0
2826.0	2.0
2827.0	6.0
2828.0	2.0
2829.0	3.0
2830.0	5.0
2831.0	4.0
2832.0	2.0
2833.0	4.0
2834.0	5.0
2835.0	3.0
2836.0	1.0
2837.0	4.0
2838.0	4.0
2839.0	3.0
2840.0	5.0
2841.0	2.0
2842.0	1.0
2843.0	6.0
2844.0	7.0
2845.0	5.0
2847.0	3.0
2848.0	5.0
2849.0	2.0
2850.0	4.0
2851.0	3.0
2852.0	4.0
2853.0	3.0
2854.0	6.0
2855.0	7.0
2856.0	3.0
2857.0	5.0
2858.0	4.0
2859.0	6.0
2860.0	5.0
2861.0	3.0
2862.0	2.0
2863.0	5.0
2864.0	4.0
2865.0	2.0
2866.0	6.0
2867.0	5.0
2868.0	2.0
2869.0	4.0
2870.0	3.0
2871.0	3.0
2872.0	3.0
2873.0	1.0
2874.0	1.0
2875.0	5.0
2876.0	4.0
2877.0	3.0
2878.0	3.0
2879.0	1.0
2880.0	1.0
2881.0	2.0
2882.0	1.0
2883.0	4.0
2884.0	4.0
2885.0	4.0
2886.0	2.0
2887.0	2.0
2888.0	1.0
2889.0	3.0
2890.0	3.0
2891.0	4.0
2892.0	3.0
2893.0	2.0
2894.0	3.0
2895.0	1.0
2896.0	4.0
2897.0	2.0
2898.0	4.0
2899.0	1.0
2900.0	4.0
2901.0	5.0
2902.0	4.0
2903.0	1.0
2904.0	2.0
2906.0	4.0
2907.0	2.0
2908.0	4.0
2909.0	2.0
2910.0	1.0
2911.0	5.0
2912.0	1.0
2913.0	3.0
2914.0	4.0
2915.0	4.0
2916.0	1.0
2917.0	2.0
2918.0	4.0
2920.0	1.0
2921.0	1.0
2922.0	1.0
2923.0	2.0
2924.0	1.0
2925.0	5.0
2926.0	3.0
2927.0	5.0
2928.0	2.0
2929.0	2.0
2931.0	5.0
2932.0	2.0
2933.0	3.0
2934.0	2.0
2935.0	6.0
2936.0	1.0
2937.0	2.0
2939.0	3.0
2940.0	2.0
2941.0	1.0
2942.0	5.0
2943.0	1.0
2944.0	4.0
2945.0	2.0
2946.0	1.0
2947.0	1.0
2948.0	2.0
2950.0	2.0
2951.0	2.0
2952.0	4.0
2953.0	1.0
2954.0	4.0
2956.0	2.0
2958.0	3.0
2960.0	3.0
2961.0	3.0
2962.0	3.0
2963.0	2.0
2964.0	2.0
2965.0	2.0
2966.0	2.0
2967.0	2.0
2968.0	4.0
2969.0	2.0
2970.0	1.0
2971.0	1.0
2973.0	3.0
2974.0	2.0
2976.0	3.0
2977.0	2.0
2978.0	3.0
2979.0	2.0
2980.0	3.0
2981.0	6.0
2982.0	2.0
2983.0	2.0
2984.0	3.0
2985.0	5.0
2986.0	2.0
2988.0	5.0
2989.0	1.0
2990.0	1.0
2991.0	4.0
2992.0	6.0
2993.0	3.0
2994.0	4.0
2995.0	1.0
2996.0	7.0
2997.0	1.0
2998.0	4.0
2999.0	3.0
3000.0	4.0
3001.0	4.0
3002.0	2.0
3003.0	4.0
3004.0	3.0
3005.0	1.0
3006.0	1.0
3007.0	1.0
3008.0	2.0
3009.0	2.0
3010.0	1.0
3012.0	2.0
3013.0	4.0
3014.0	3.0
3015.0	4.0
3016.0	2.0
3017.0	1.0
3019.0	5.0
3020.0	4.0
3021.0	1.0
3022.0	5.0
3023.0	7.0
3024.0	5.0
3025.0	4.0
3026.0	2.0
3027.0	1.0
3028.0	3.0
3029.0	1.0
3030.0	4.0
3031.0	3.0
3032.0	3.0
3033.0	4.0
3034.0	1.0
3035.0	5.0
3036.0	4.0
3037.0	2.0
3038.0	4.0
3040.0	5.0
3041.0	1.0
3042.0	3.0
3043.0	3.0
3044.0	1.0
3045.0	2.0
3046.0	4.0
3047.0	3.0
3048.0	1.0
3049.0	4.0
3050.0	3.0
3051.0	1.0
3052.0	3.0
3053.0	1.0
3054.0	1.0
3055.0	3.0
3056.0	1.0
3057.0	1.0
3058.0	3.0
3059.0	2.0
3060.0	1.0
3061.0	2.0
3062.0	3.0
3063.0	2.0
3064.0	5.0
3065.0	4.0
3066.0	2.0
3068.0	2.0
3069.0	2.0
3070.0	3.0
3071.0	1.0
3072.0	1.0
3075.0	2.0
3076.0	2.0
3078.0	4.0
3079.0	2.0
3080.0	2.0
3081.0	1.0
3082.0	1.0
3083.0	1.0
3085.0	2.0
3086.0	4.0
3087.0	5.0
3088.0	2.0
3089.0	2.0
3090.0	1.0
3091.0	1.0
3092.0	2.0
3093.0	4.0
3094.0	2.0
3095.0	2.0
3096.0	3.0
3098.0	4.0
3099.0	3.0
3100.0	2.0
3101.0	3.0
3103.0	3.0
3104.0	1.0
3105.0	5.0
3106.0	3.0
3107.0	3.0
3108.0	3.0
3109.0	2.0
3110.0	1.0
3111.0	3.0
3112.0	2.0
3113.0	2.0
3114.0	1.0
3115.0	2.0
3116.0	3.0
3117.0	3.0
3119.0	2.0
3120.0	2.0
3121.0	2.0
3122.0	3.0
3123.0	1.0
3124.0	1.0
3125.0	3.0
3126.0	1.0
3127.0	5.0
3128.0	4.0
3130.0	1.0
3131.0	3.0
3132.0	2.0
3133.0	1.0
3134.0	1.0
3135.0	4.0
3136.0	2.0
3137.0	3.0
3138.0	2.0
3139.0	3.0
3140.0	2.0
3142.0	3.0
3143.0	2.0
3144.0	1.0
3145.0	2.0
3146.0	3.0
3147.0	4.0
3148.0	3.0
3149.0	1.0
3150.0	1.0
3151.0	3.0
3152.0	2.0
3153.0	1.0
3154.0	2.0
3156.0	4.0
3157.0	3.0
3158.0	1.0
3160.0	1.0
3161.0	1.0
3162.0	2.0
3163.0	2.0
3164.0	3.0
3165.0	4.0
3166.0	5.0
3167.0	1.0
3168.0	5.0
3169.0	1.0
3170.0	2.0
3171.0	2.0
3172.0	2.0
3173.0	2.0
3174.0	3.0
3175.0	3.0
3176.0	3.0
3177.0	4.0
3178.0	2.0
3180.0	3.0
3181.0	3.0
3183.0	3.0
3184.0	3.0
3185.0	1.0
3186.0	3.0
3188.0	2.0
3189.0	2.0
3190.0	5.0
3191.0	2.0
3192.0	2.0
3193.0	1.0
3195.0	4.0
3196.0	1.0
3197.0	1.0
3198.0	2.0
3199.0	2.0
3200.0	2.0
3202.0	4.0
3203.0	4.0
3204.0	2.0
3205.0	5.0
3206.0	6.0
3208.0	1.0
3209.0	2.0
3210.0	2.0
3211.0	2.0
3212.0	2.0
3213.0	3.0
3215.0	1.0
3216.0	4.0
3217.0	1.0
3219.0	6.0
3221.0	5.0
3222.0	1.0
3223.0	1.0
3224.0	7.0
3225.0	4.0
3226.0	2.0
3227.0	5.0
3228.0	4.0
3229.0	2.0
3230.0	1.0
3231.0	5.0
3232.0	1.0
3233.0	1.0
3234.0	2.0
3238.0	1.0
3239.0	2.0
3240.0	2.0
3241.0	3.0
3242.0	4.0
3243.0	2.0
3244.0	4.0
3245.0	2.0
3246.0	2.0
3247.0	3.0
3249.0	3.0
3251.0	1.0
3252.0	3.0
3253.0	1.0
3254.0	2.0
3255.0	1.0
3256.0	4.0
3257.0	1.0
3259.0	2.0
3260.0	4.0
3262.0	2.0
3263.0	1.0
3264.0	7.0
3265.0	3.0
3267.0	1.0
3268.0	3.0
3269.0	3.0
3270.0	2.0
3271.0	3.0
3272.0	1.0
3274.0	3.0
3275.0	1.0
3276.0	2.0
3277.0	1.0
3278.0	2.0
3279.0	1.0
3280.0	5.0
3281.0	1.0
3282.0	4.0
3284.0	1.0
3285.0	2.0
3286.0	4.0
3287.0	2.0
3288.0	1.0
3289.0	1.0
3290.0	3.0
3291.0	1.0
3292.0	2.0
3293.0	2.0
3294.0	1.0
3295.0	1.0
3296.0	4.0
3297.0	3.0
3298.0	4.0
3300.0	1.0
3301.0	1.0
3303.0	2.0
3304.0	5.0
3305.0	1.0
3306.0	2.0
3307.0	6.0
3308.0	2.0
3309.0	1.0
3310.0	1.0
3311.0	5.0
3312.0	3.0
3313.0	2.0
3314.0	3.0
3315.0	1.0
3318.0	1.0
3319.0	1.0
3320.0	3.0
3321.0	2.0
3322.0	6.0
3323.0	1.0
3325.0	5.0
3326.0	1.0
3327.0	2.0
3328.0	3.0
3329.0	1.0
3330.0	1.0
3331.0	3.0
3332.0	1.0
3333.0	1.0
3334.0	2.0
3335.0	6.0
3336.0	2.0
3337.0	2.0
3338.0	3.0
3339.0	2.0
3340.0	5.0
3341.0	1.0
3342.0	2.0
3343.0	2.0
3344.0	3.0
3345.0	4.0
3346.0	4.0
3347.0	5.0
3348.0	2.0
3349.0	5.0
3350.0	6.0
3351.0	2.0
3352.0	3.0
3353.0	6.0
3354.0	3.0
3355.0	6.0
3356.0	1.0
3358.0	2.0
3359.0	1.0
3360.0	3.0
3361.0	2.0
3362.0	1.0
3363.0	2.0
3364.0	4.0
3365.0	2.0
3366.0	4.0
3367.0	3.0
3368.0	3.0
3369.0	4.0
3370.0	3.0
3371.0	1.0
3372.0	2.0
3373.0	1.0
3374.0	5.0
3375.0	2.0
3377.0	2.0
3378.0	2.0
3379.0	4.0
3380.0	2.0
3381.0	6.0
3382.0	2.0
3383.0	3.0
3384.0	2.0
3385.0	1.0
3386.0	3.0
3387.0	2.0
3388.0	5.0
3389.0	1.0
3390.0	1.0
3391.0	5.0
3392.0	4.0
3393.0	2.0
3394.0	1.0
3395.0	3.0
3396.0	4.0
3397.0	8.0
3398.0	6.0
3399.0	3.0
3400.0	2.0
3401.0	1.0
3402.0	3.0
3403.0	1.0
3404.0	2.0
3405.0	1.0
3406.0	4.0
3407.0	1.0
3408.0	5.0
3409.0	4.0
3410.0	3.0
3411.0	3.0
3412.0	1.0
3413.0	4.0
3414.0	4.0
3415.0	1.0
3416.0	2.0
3417.0	2.0
3418.0	2.0
3419.0	4.0
3420.0	4.0
3421.0	2.0
3422.0	5.0
3423.0	6.0
3424.0	2.0
3425.0	1.0
3426.0	4.0
3427.0	2.0
3428.0	1.0
3429.0	3.0
3431.0	4.0
3432.0	6.0
3433.0	3.0
3434.0	4.0
3435.0	3.0
3436.0	2.0
3437.0	2.0
3438.0	5.0
3439.0	3.0
3440.0	1.0
3441.0	3.0
3442.0	1.0
3443.0	3.0
3445.0	4.0
3446.0	2.0
3447.0	5.0
3448.0	4.0
3449.0	6.0
3450.0	3.0
3451.0	3.0
3452.0	6.0
3453.0	3.0
3454.0	6.0
3455.0	6.0
3456.0	1.0
3457.0	2.0
3458.0	2.0
3460.0	3.0
3462.0	1.0
3463.0	5.0
3464.0	7.0
3465.0	3.0
3466.0	7.0
3467.0	5.0
3468.0	4.0
3469.0	3.0
3470.0	5.0
3471.0	6.0
3472.0	7.0
3473.0	2.0
3474.0	4.0
3475.0	2.0
3476.0	3.0
3477.0	3.0
3478.0	1.0
3479.0	5.0
3480.0	4.0
3481.0	4.0
3482.0	2.0
3483.0	1.0
3484.0	4.0
3485.0	3.0
3486.0	2.0
3487.0	8.0
3488.0	3.0
3489.0	1.0
3492.0	8.0
3493.0	2.0
3494.0	3.0
3495.0	2.0
3496.0	3.0
3497.0	4.0
3498.0	2.0
3499.0	2.0
3500.0	4.0
3501.0	3.0
3502.0	2.0
3503.0	7.0
3504.0	2.0
3505.0	3.0
3506.0	2.0
3507.0	6.0
3508.0	7.0
3509.0	6.0
3510.0	4.0
3511.0	3.0
3512.0	5.0
3513.0	7.0
3514.0	5.0
3515.0	4.0
3516.0	2.0
3517.0	7.0
3518.0	7.0
3519.0	4.0
3521.0	2.0
3522.0	5.0
3523.0	3.0
3524.0	1.0
3525.0	5.0
3526.0	4.0
3527.0	2.0
3528.0	3.0
3529.0	4.0
3530.0	2.0
3531.0	4.0
3532.0	3.0
3533.0	9.0
3534.0	5.0
3535.0	5.0
3536.0	4.0
3537.0	4.0
3538.0	2.0
3539.0	2.0
3540.0	4.0
3541.0	2.0
3542.0	3.0
3543.0	2.0
3544.0	6.0
3545.0	5.0
3546.0	4.0
3547.0	4.0
3548.0	2.0
3550.0	2.0
3552.0	2.0
3553.0	5.0
3554.0	1.0
3556.0	1.0
3557.0	1.0
3558.0	1.0
3559.0	4.0
3561.0	1.0
3562.0	1.0
3563.0	4.0
3564.0	4.0
3565.0	1.0
3567.0	3.0
3568.0	2.0
3569.0	5.0
3570.0	3.0
3571.0	5.0
3572.0	3.0
3573.0	1.0
3574.0	4.0
3575.0	2.0
3576.0	5.0
3577.0	3.0
3578.0	4.0
3579.0	1.0
3580.0	3.0
3581.0	2.0
3582.0	2.0
3583.0	1.0
3584.0	4.0
3585.0	2.0
3586.0	2.0
3587.0	2.0
3588.0	3.0
3589.0	2.0
3590.0	3.0
3591.0	1.0
3592.0	3.0
3593.0	5.0
3594.0	7.0
3595.0	2.0
3596.0	2.0
3597.0	5.0
3598.0	1.0
3599.0	1.0
3600.0	5.0
3601.0	4.0
3602.0	3.0
3603.0	5.0
3604.0	4.0
3605.0	3.0
3606.0	7.0
3607.0	3.0
3608.0	4.0
3609.0	2.0
3610.0	5.0
3611.0	3.0
3612.0	1.0
3613.0	1.0
3614.0	1.0
3615.0	5.0
3616.0	3.0
3617.0	3.0
3618.0	5.0
3619.0	3.0
3620.0	2.0
3621.0	3.0
3622.0	3.0
3623.0	4.0
3624.0	1.0
3625.0	1.0
3626.0	3.0
3627.0	1.0
3628.0	2.0
3629.0	4.0
3630.0	3.0
3631.0	4.0
3632.0	2.0
3633.0	5.0
3634.0	1.0
3635.0	2.0
3636.0	2.0
3637.0	3.0
3638.0	3.0
3639.0	2.0
3641.0	2.0
3643.0	3.0
3644.0	4.0
3645.0	2.0
3646.0	1.0
3647.0	2.0
3648.0	1.0
3649.0	1.0
3650.0	2.0
3651.0	1.0
3652.0	3.0
3653.0	3.0
3654.0	1.0
3655.0	1.0
3656.0	2.0
3657.0	1.0
3658.0	1.0
3659.0	1.0
3660.0	2.0
3661.0	1.0
3662.0	1.0
3663.0	4.0
3664.0	1.0
3666.0	2.0
3667.0	1.0
3668.0	1.0
3671.0	1.0
3672.0	2.0
3673.0	2.0
3674.0	1.0
3675.0	2.0
3676.0	5.0
3677.0	3.0
3680.0	3.0
3681.0	2.0
3682.0	1.0
3683.0	2.0
3684.0	2.0
3685.0	2.0
3686.0	1.0
3688.0	1.0
3689.0	1.0
3693.0	1.0
3694.0	2.0
3697.0	2.0
3699.0	6.0
3702.0	2.0
3703.0	2.0
3704.0	1.0
3705.0	1.0
3706.0	1.0
3707.0	1.0
3708.0	1.0
3709.0	2.0
3711.0	1.0
3712.0	2.0
3713.0	2.0
3714.0	2.0
3715.0	1.0
3716.0	4.0
3717.0	1.0
3719.0	2.0
3720.0	4.0
3722.0	2.0
3723.0	2.0
3724.0	1.0
3725.0	2.0
3726.0	1.0
3727.0	1.0
3728.0	3.0
3729.0	1.0
3730.0	1.0
3731.0	1.0
3732.0	1.0
3733.0	3.0
3734.0	1.0
3735.0	4.0
3737.0	4.0
3738.0	2.0
3739.0	2.0
3740.0	1.0
3741.0	1.0
3742.0	1.0
3744.0	2.0
3745.0	2.0
3746.0	2.0
3747.0	4.0
3748.0	2.0
3749.0	2.0
3750.0	1.0
3751.0	2.0
3754.0	2.0
3755.0	3.0
3756.0	1.0
3757.0	4.0
3758.0	5.0
3759.0	2.0
3760.0	2.0
3761.0	1.0
3763.0	2.0
3764.0	1.0
3765.0	3.0
3766.0	1.0
3767.0	4.0
3768.0	1.0
3769.0	2.0
3770.0	1.0
3771.0	1.0
3773.0	1.0
3775.0	1.0
3776.0	1.0
3777.0	2.0
3778.0	3.0
3779.0	1.0
3780.0	1.0
3781.0	1.0
3782.0	2.0
3783.0	1.0
3787.0	1.0
3788.0	2.0
3790.0	2.0
3791.0	2.0
3792.0	2.0
3793.0	1.0
3794.0	2.0
3795.0	3.0
3797.0	2.0
3798.0	1.0
3799.0	1.0
3804.0	2.0
3805.0	3.0
3807.0	1.0
3808.0	1.0
3809.0	2.0
3811.0	1.0
3813.0	1.0
3814.0	1.0
3816.0	1.0
3817.0	1.0
3819.0	1.0
3820.0	1.0
3822.0	2.0
3823.0	1.0
3825.0	3.0
3826.0	2.0
3827.0	1.0
3828.0	1.0
3829.0	1.0
3830.0	3.0
3831.0	1.0
3834.0	2.0
3835.0	1.0
3837.0	3.0
3839.0	1.0
3843.0	1.0
3844.0	2.0
3846.0	2.0
3847.0	1.0
3848.0	4.0
3849.0	1.0
3851.0	2.0
3852.0	2.0
3853.0	2.0
3855.0	1.0
3857.0	1.0
3858.0	1.0
3861.0	2.0
3862.0	2.0
3863.0	1.0
3865.0	3.0
3866.0	1.0
3867.0	2.0
3870.0	2.0
3872.0	1.0
3873.0	1.0
3874.0	1.0
3875.0	2.0
3876.0	3.0
3877.0	1.0
3880.0	1.0
3881.0	1.0
3882.0	1.0
3883.0	2.0
3884.0	1.0
3885.0	2.0
3886.0	3.0
3887.0	4.0
3888.0	1.0
3890.0	2.0
3891.0	1.0
3892.0	1.0
3893.0	2.0
3894.0	1.0
3895.0	1.0
3899.0	1.0
3900.0	1.0
3901.0	2.0
3902.0	2.0
3903.0	3.0
3905.0	1.0
3906.0	1.0
3907.0	1.0
3908.0	2.0
3909.0	2.0
3912.0	2.0
3913.0	2.0
3914.0	2.0
3915.0	1.0
3916.0	1.0
3918.0	1.0
3919.0	2.0
3922.0	1.0
3923.0	1.0
3924.0	1.0
3925.0	3.0
3926.0	1.0
3927.0	1.0
3928.0	1.0
3929.0	5.0
3930.0	2.0
3931.0	2.0
3932.0	3.0
3933.0	3.0
3934.0	1.0
3935.0	3.0
3936.0	1.0
3937.0	1.0
3938.0	3.0
3939.0	2.0
3941.0	2.0
3942.0	6.0
3943.0	1.0
3946.0	2.0
3949.0	1.0
3952.0	2.0
3953.0	1.0
3955.0	1.0
3956.0	3.0
3957.0	2.0
3958.0	1.0
3960.0	2.0
3961.0	2.0
3963.0	1.0
3964.0	1.0
3966.0	1.0
3969.0	1.0
3971.0	1.0
3973.0	1.0
3977.0	1.0
3980.0	3.0
3981.0	3.0
3982.0	1.0
3984.0	1.0
3986.0	2.0
3988.0	1.0
3989.0	1.0
3990.0	1.0
3991.0	1.0
3996.0	1.0
3997.0	2.0
3998.0	3.0
3999.0	1.0
4001.0	1.0
4002.0	2.0
4004.0	1.0
4007.0	2.0
4009.0	2.0
4010.0	1.0
4014.0	3.0
4015.0	2.0
4016.0	2.0
4017.0	1.0
4019.0	2.0
4020.0	1.0
4022.0	1.0
4027.0	1.0
4029.0	2.0
4030.0	1.0
4031.0	2.0
4032.0	1.0
4034.0	2.0
4035.0	1.0
4039.0	1.0
4041.0	1.0
4042.0	1.0
4044.0	1.0
4045.0	2.0
4046.0	1.0
4048.0	1.0
4050.0	2.0
4052.0	2.0
4053.0	1.0
4057.0	1.0
4058.0	2.0
4059.0	1.0
4062.0	3.0
4063.0	3.0
4064.0	1.0
4065.0	1.0
4066.0	1.0
4068.0	1.0
4070.0	1.0
4071.0	2.0
4072.0	1.0
4073.0	2.0
4074.0	1.0
4080.0	1.0
4085.0	2.0
4086.0	2.0
4087.0	2.0
4088.0	1.0
4091.0	1.0
4093.0	1.0
4094.0	1.0
4095.0	2.0
4097.0	2.0
4098.0	1.0
4099.0	1.0
4101.0	1.0
4107.0	1.0
4108.0	1.0
4111.0	1.0
4112.0	2.0
4113.0	2.0
4116.0	1.0
4118.0	1.0
4119.0	1.0
4121.0	1.0
4122.0	1.0
4124.0	2.0
4125.0	2.0
4126.0	1.0
4127.0	2.0
4129.0	1.0
4132.0	2.0
4133.0	2.0
4136.0	3.0
4138.0	2.0
4139.0	2.0
4141.0	3.0
4145.0	2.0
4146.0	2.0
4148.0	2.0
4150.0	1.0
4154.0	1.0
4155.0	2.0
4158.0	1.0
4162.0	1.0
4163.0	1.0
4165.0	1.0
4166.0	2.0
4167.0	1.0
4168.0	3.0
4169.0	1.0
4170.0	1.0
4171.0	1.0
4172.0	1.0
4174.0	1.0
4175.0	1.0
4176.0	1.0
4178.0	1.0
4179.0	2.0
4182.0	1.0
4184.0	2.0
4185.0	2.0
4188.0	1.0
4189.0	1.0
4191.0	1.0
4193.0	2.0
4195.0	1.0
4204.0	1.0
4205.0	2.0
4206.0	1.0
4207.0	1.0
4208.0	1.0
4210.0	2.0
4211.0	1.0
4213.0	1.0
4215.0	1.0
4217.0	1.0
4221.0	1.0
4222.0	1.0
4224.0	2.0
4228.0	1.0
4229.0	1.0
4230.0	1.0
4231.0	1.0
4233.0	2.0
4234.0	1.0
4235.0	1.0
4236.0	1.0
4238.0	4.0
4241.0	1.0
4244.0	1.0
4245.0	1.0
4247.0	1.0
4250.0	1.0
4251.0	2.0
4252.0	1.0
4253.0	1.0
4254.0	2.0
4255.0	1.0
4257.0	3.0
4258.0	3.0
4259.0	1.0
4260.0	1.0
4262.0	1.0
4263.0	1.0
4264.0	2.0
4266.0	1.0
4271.0	3.0
4273.0	2.0
4274.0	3.0
4275.0	1.0
4278.0	1.0
4280.0	2.0
4282.0	1.0
4284.0	2.0
4287.0	2.0
4288.0	2.0
4290.0	1.0
4291.0	1.0
4292.0	2.0
4294.0	1.0
4297.0	1.0
4298.0	1.0
4300.0	1.0
4302.0	3.0
4303.0	1.0
4304.0	2.0
4307.0	1.0
4308.0	1.0
4309.0	1.0
4311.0	2.0
4313.0	1.0
4314.0	1.0
4315.0	2.0
4317.0	1.0
4318.0	1.0
4319.0	2.0
4320.0	1.0
4322.0	2.0
4324.0	1.0
4326.0	1.0
4327.0	1.0
4328.0	2.0
4334.0	2.0
4337.0	1.0
4339.0	1.0
4342.0	1.0
4343.0	1.0
4344.0	2.0
4345.0	1.0
4347.0	1.0
4349.0	1.0
4350.0	1.0
4354.0	1.0
4355.0	1.0
4356.0	1.0
4357.0	1.0
4360.0	1.0
4361.0	1.0
4366.0	1.0
4368.0	3.0
4369.0	1.0
4370.0	1.0
4373.0	2.0
4374.0	2.0
4379.0	2.0
4381.0	1.0
4382.0	1.0
4386.0	1.0
4389.0	1.0
4391.0	2.0
4395.0	1.0
4396.0	1.0
4397.0	1.0
4399.0	1.0
4401.0	2.0
4404.0	1.0
4406.0	1.0
4407.0	2.0
4408.0	1.0
4413.0	1.0
4416.0	1.0
4418.0	1.0
4420.0	2.0
4421.0	1.0
4424.0	2.0
4425.0	2.0
4426.0	1.0
4429.0	1.0
4430.0	1.0
4433.0	2.0
4434.0	2.0
4435.0	1.0
4440.0	1.0
4443.0	1.0
4446.0	1.0
4450.0	1.0
4452.0	1.0
4454.0	1.0
4455.0	3.0
4456.0	2.0
4457.0	3.0
4460.0	1.0
4467.0	1.0
4473.0	2.0
4477.0	1.0
4478.0	1.0
4480.0	3.0
4481.0	1.0
4486.0	1.0
4489.0	1.0
4490.0	1.0
4491.0	1.0
4493.0	1.0
4494.0	1.0
4495.0	1.0
4496.0	1.0
4499.0	1.0
4500.0	1.0
4501.0	2.0
4504.0	2.0
4505.0	1.0
4506.0	1.0
4508.0	1.0
4509.0	2.0
4510.0	1.0
4511.0	1.0
4513.0	2.0
4514.0	2.0
4515.0	1.0
4516.0	2.0
4519.0	1.0
4522.0	1.0
4524.0	3.0
4528.0	2.0
4529.0	2.0
4532.0	2.0
4534.0	2.0
4535.0	1.0
4541.0	2.0
4543.0	2.0
4546.0	1.0
4547.0	1.0
4548.0	1.0
4550.0	1.0
4551.0	1.0
4553.0	1.0
4556.0	1.0
4557.0	2.0
4558.0	1.0
4560.0	1.0
4561.0	1.0
4564.0	1.0
4565.0	1.0
4568.0	1.0
4569.0	1.0
4571.0	3.0
4572.0	1.0
4576.0	2.0
4578.0	1.0
4579.0	1.0
4580.0	3.0
4581.0	3.0
4587.0	1.0
4588.0	1.0
4589.0	1.0
4590.0	1.0
4591.0	1.0
4594.0	2.0
4595.0	1.0
4600.0	2.0
4605.0	1.0
4606.0	2.0
4607.0	1.0
4608.0	1.0
4609.0	1.0
4610.0	3.0
4611.0	1.0
4613.0	1.0
4614.0	2.0
4618.0	1.0
4619.0	1.0
4620.0	2.0
4621.0	1.0
4622.0	1.0
4623.0	1.0
4625.0	3.0
4628.0	2.0
4629.0	3.0
4630.0	1.0
4631.0	2.0
4632.0	1.0
4634.0	2.0
4635.0	1.0
4638.0	1.0
4639.0	1.0
4640.0	1.0
4642.0	1.0
4643.0	1.0
4644.0	1.0
4646.0	1.0
4647.0	2.0
4648.0	1.0
4649.0	2.0
4651.0	2.0
4652.0	3.0
4656.0	2.0
4657.0	1.0
4658.0	1.0
4661.0	2.0
4662.0	2.0
4663.0	2.0
4664.0	1.0
4665.0	2.0
4666.0	2.0
4669.0	2.0
4670.0	1.0
4672.0	1.0
4674.0	1.0
4675.0	1.0
4676.0	1.0
4677.0	1.0
4680.0	2.0
4681.0	1.0
4683.0	1.0
4685.0	1.0
4687.0	3.0
4688.0	1.0
4690.0	2.0
4691.0	2.0
4692.0	2.0
4693.0	2.0
4694.0	1.0
4698.0	2.0
4699.0	2.0
4700.0	1.0
4702.0	2.0
4703.0	1.0
4707.0	2.0
4708.0	2.0
4710.0	1.0
4711.0	1.0
4712.0	1.0
4713.0	1.0
4714.0	2.0
4715.0	1.0
4716.0	1.0
4718.0	2.0
4720.0	1.0
4721.0	1.0
4723.0	1.0
4725.0	5.0
4727.0	1.0
4728.0	2.0
4729.0	3.0
4730.0	1.0
4732.0	2.0
4733.0	1.0
4734.0	1.0
4735.0	1.0
4736.0	2.0
4738.0	1.0
4740.0	1.0
4741.0	1.0
4742.0	1.0
4743.0	3.0
4745.0	1.0
4750.0	1.0
4751.0	1.0
4752.0	1.0
4753.0	1.0
4754.0	2.0
4755.0	1.0
4757.0	3.0
4760.0	2.0
4762.0	2.0
4763.0	2.0
4766.0	1.0
4769.0	1.0
4771.0	1.0
4772.0	2.0
4773.0	2.0
4775.0	1.0
4777.0	3.0
4778.0	1.0
4779.0	3.0
4780.0	3.0
4784.0	1.0
4786.0	3.0
4787.0	2.0
4789.0	1.0
4791.0	1.0
4792.0	1.0
4794.0	2.0
4795.0	1.0
4796.0	2.0
4797.0	1.0
4799.0	1.0
4800.0	1.0
4801.0	1.0
4804.0	1.0
4805.0	2.0
4806.0	1.0
4809.0	1.0
4810.0	2.0
4811.0	2.0
4812.0	3.0
4815.0	1.0
4818.0	3.0
4819.0	3.0
4820.0	1.0
4821.0	1.0
4822.0	1.0
4824.0	1.0
4825.0	1.0
4827.0	1.0
4831.0	2.0
4833.0	1.0
4835.0	3.0
4838.0	2.0
4840.0	4.0
4841.0	1.0
4844.0	2.0
4846.0	1.0
4847.0	2.0
4848.0	2.0
4850.0	2.0
4851.0	1.0
4852.0	2.0
4854.0	2.0
4856.0	1.0
4857.0	1.0
4858.0	1.0
4860.0	1.0
4861.0	2.0
4862.0	2.0
4863.0	1.0
4864.0	1.0
4867.0	2.0
4868.0	2.0
4869.0	2.0
4872.0	2.0
4873.0	1.0
4874.0	2.0
4875.0	3.0
4876.0	2.0
4877.0	2.0
4878.0	3.0
4882.0	1.0
4883.0	2.0
4886.0	2.0
4887.0	1.0
4888.0	1.0
4891.0	4.0
4892.0	1.0
4894.0	1.0
4898.0	1.0
4902.0	1.0
4905.0	2.0
4906.0	1.0
4908.0	2.0
4910.0	1.0
4911.0	1.0
4912.0	1.0
4917.0	1.0
4918.0	1.0
4922.0	1.0
4923.0	1.0
4924.0	1.0
4925.0	1.0
4931.0	1.0
4938.0	2.0
4939.0	3.0
4940.0	2.0
4941.0	1.0
4944.0	1.0
4949.0	1.0
4951.0	1.0
4952.0	1.0
4953.0	1.0
4954.0	1.0
4956.0	1.0
4957.0	1.0
4958.0	3.0
4959.0	1.0
4961.0	1.0
4962.0	1.0
4964.0	1.0
4969.0	1.0
4970.0	2.0
4972.0	1.0
4974.0	1.0
4977.0	1.0
4980.0	1.0
4982.0	1.0
4985.0	2.0
4986.0	1.0
4987.0	1.0
4988.0	2.0
4991.0	2.0
4992.0	1.0
4993.0	2.0
4995.0	1.0
4997.0	2.0
4999.0	1.0
5002.0	2.0
5005.0	1.0
5006.0	1.0
5007.0	1.0
5010.0	1.0
5014.0	1.0
5015.0	1.0
5016.0	1.0
5018.0	1.0
5022.0	1.0
5026.0	2.0
5031.0	1.0
5035.0	1.0
5036.0	1.0
5039.0	2.0
5045.0	1.0
5048.0	1.0
5050.0	1.0
5051.0	1.0
5052.0	1.0
5054.0	1.0
5055.0	1.0
5056.0	2.0
5058.0	1.0
5060.0	1.0
5061.0	1.0
5064.0	2.0
5068.0	2.0
5069.0	1.0
5072.0	3.0
5076.0	1.0
5079.0	2.0
5081.0	1.0
5082.0	2.0
5083.0	1.0
5084.0	1.0
5086.0	1.0
5087.0	1.0
5088.0	1.0
5089.0	2.0
5107.0	1.0
5108.0	1.0
5111.0	2.0
5115.0	1.0
5116.0	1.0
5117.0	1.0
5120.0	1.0
5122.0	1.0
5124.0	1.0
5127.0	2.0
5131.0	1.0
5135.0	1.0
5141.0	1.0
5142.0	1.0
5144.0	1.0
5145.0	1.0
5146.0	1.0
5148.0	1.0
5152.0	1.0
5153.0	1.0
5154.0	1.0
5158.0	1.0
5168.0	2.0
5170.0	2.0
5171.0	2.0
5175.0	2.0
5185.0	2.0
5187.0	1.0
5189.0	1.0
5190.0	1.0
5195.0	1.0
5197.0	1.0
5198.0	1.0
5199.0	1.0
5200.0	2.0
5201.0	1.0
5202.0	1.0
5203.0	1.0
5205.0	1.0
5220.0	1.0
5221.0	1.0
5223.0	1.0
5229.0	1.0
5234.0	2.0
5235.0	1.0
5237.0	1.0
5239.0	1.0
5243.0	2.0
5245.0	1.0
5249.0	1.0
5252.0	2.0
5258.0	1.0
5265.0	1.0
5276.0	2.0
5278.0	1.0
5281.0	1.0
5284.0	1.0
5286.0	1.0
5287.0	1.0
5288.0	1.0
5289.0	2.0
5290.0	1.0
5292.0	1.0
5297.0	2.0
5299.0	1.0
5305.0	1.0
5313.0	1.0
5316.0	1.0
5318.0	1.0
5320.0	1.0
5324.0	1.0
5328.0	1.0
5329.0	1.0
5332.0	1.0
5334.0	1.0
5343.0	3.0
5350.0	1.0
5352.0	2.0
5364.0	1.0
5374.0	1.0
5381.0	1.0
5384.0	1.0
5386.0	1.0
5387.0	1.0
5391.0	1.0
5394.0	1.0
5396.0	1.0
5402.0	1.0
5410.0	2.0
5413.0	1.0
5414.0	1.0
5416.0	1.0
5417.0	1.0
5421.0	1.0
5425.0	1.0
5432.0	1.0
5433.0	1.0
5437.0	1.0
5442.0	1.0
5447.0	1.0
5450.0	1.0
5452.0	1.0
5459.0	1.0
5460.0	2.0
5461.0	1.0
5462.0	1.0
5463.0	1.0
5466.0	1.0
5468.0	3.0
5470.0	1.0
5481.0	1.0
5484.0	1.0
5485.0	1.0
5486.0	1.0
5493.0	1.0
5494.0	2.0
5497.0	1.0
5514.0	1.0
5515.0	1.0
5517.0	2.0
5518.0	1.0
5522.0	1.0
5527.0	1.0
5530.0	1.0
5533.0	1.0
5536.0	1.0
5538.0	1.0
5541.0	1.0
5542.0	1.0
5546.0	1.0
5548.0	1.0
5558.0	3.0
5559.0	1.0
5560.0	1.0
5563.0	1.0
5565.0	1.0
5566.0	2.0
5572.0	1.0
5574.0	2.0
5576.0	2.0
5577.0	1.0
5578.0	2.0
5580.0	2.0
5581.0	2.0
5582.0	1.0
5583.0	1.0
5584.0	3.0
5585.0	4.0
5586.0	1.0
5590.0	1.0
5594.0	1.0
5596.0	1.0
5604.0	1.0
5613.0	1.0
5616.0	1.0
5630.0	1.0
5635.0	1.0
5639.0	1.0
5641.0	1.0
5648.0	1.0
5649.0	1.0
5666.0	1.0
5667.0	1.0
5671.0	1.0
5673.0	1.0
5680.0	1.0
5681.0	1.0
5682.0	1.0
5683.0	1.0
5685.0	1.0
5687.0	1.0
5689.0	1.0
5692.0	2.0
5703.0	3.0
5704.0	1.0
5705.0	1.0
5709.0	1.0
5712.0	1.0
5714.0	2.0
5715.0	1.0
5716.0	1.0
5717.0	1.0
5718.0	1.0
5722.0	2.0
5724.0	1.0
5725.0	1.0
5727.0	2.0
5731.0	1.0
5732.0	1.0
5733.0	1.0
5743.0	1.0
5745.0	1.0
5748.0	1.0
5752.0	1.0
5756.0	1.0
5759.0	1.0
5764.0	1.0
5765.0	1.0
5766.0	2.0
5767.0	1.0
5769.0	2.0
5770.0	2.0
5771.0	2.0
5772.0	5.0
5774.0	2.0
5775.0	2.0
5776.0	1.0
5778.0	1.0
5780.0	1.0
5782.0	1.0
5796.0	1.0
5798.0	1.0
5799.0	1.0
5803.0	1.0
5808.0	1.0
5812.0	1.0
5814.0	2.0
5824.0	1.0
5825.0	1.0
5829.0	1.0
5830.0	1.0
5837.0	1.0
5842.0	1.0
5843.0	1.0
5845.0	1.0
5846.0	1.0
5847.0	1.0
5854.0	1.0
5857.0	2.0
5859.0	1.0
5863.0	1.0
5864.0	1.0
5866.0	1.0
5870.0	1.0
5878.0	1.0
5881.0	3.0
5891.0	1.0
5898.0	1.0
5901.0	1.0
5908.0	1.0
5911.0	1.0
5912.0	1.0
5915.0	3.0
5917.0	1.0
5919.0	1.0
5922.0	1.0
5928.0	1.0
5929.0	1.0
5930.0	1.0
5932.0	1.0
5936.0	1.0
5939.0	1.0
5940.0	1.0
5941.0	1.0
5956.0	1.0
5958.0	2.0
5960.0	1.0
5962.0	1.0
5974.0	1.0
5977.0	3.0
5979.0	1.0
5985.0	1.0
5988.0	2.0
5989.0	2.0
5990.0	1.0
5991.0	1.0
5992.0	1.0
6000.0	1.0
6005.0	3.0
6007.0	1.0
6008.0	1.0
6010.0	1.0
6012.0	1.0
6014.0	1.0
6015.0	1.0
6020.0	2.0
6021.0	2.0
6022.0	1.0
6030.0	1.0
6031.0	1.0
6033.0	1.0
6034.0	1.0
6035.0	1.0
6040.0	1.0
6044.0	1.0
6045.0	1.0
6047.0	1.0
6061.0	1.0
6062.0	1.0
6065.0	2.0
6074.0	1.0
6086.0	1.0
6092.0	2.0
6094.0	1.0
6095.0	2.0
6102.0	1.0
6114.0	1.0
6119.0	1.0
6121.0	1.0
6124.0	1.0
6125.0	1.0
6126.0	2.0
6129.0	1.0
6132.0	1.0
6135.0	1.0
6149.0	1.0
6152.0	1.0
6154.0	1.0
6155.0	1.0
6160.0	1.0
6174.0	1.0
6176.0	1.0
6181.0	1.0
6184.0	1.0
6185.0	1.0
6189.0	1.0
6191.0	1.0
6193.0	2.0
6196.0	1.0
6197.0	1.0
6200.0	1.0
6201.0	1.0
6202.0	1.0
6206.0	2.0
6222.0	1.0
6231.0	1.0
6235.0	1.0
6238.0	1.0
6243.0	1.0
6258.0	1.0
6264.0	1.0
6269.0	1.0
6280.0	1.0
6283.0	1.0
6288.0	1.0
6289.0	2.0
6292.0	1.0
6298.0	1.0
6307.0	1.0
6311.0	1.0
6319.0	1.0
6322.0	1.0
6323.0	1.0
6328.0	1.0
6333.0	1.0
6346.0	1.0
6350.0	1.0
6356.0	1.0
6359.0	1.0
6363.0	1.0
6365.0	1.0
6376.0	1.0
6382.0	1.0
6384.0	1.0
6389.0	2.0
6392.0	1.0
6401.0	1.0
6413.0	1.0
6425.0	1.0
6430.0	1.0
6431.0	1.0
6439.0	1.0
6443.0	1.0
6450.0	1.0
6458.0	1.0
6466.0	1.0
6468.0	1.0
6470.0	1.0
6473.0	1.0
6475.0	1.0
6485.0	1.0
6505.0	1.0
6512.0	1.0
6514.0	2.0
6518.0	1.0
6528.0	1.0
6535.0	1.0
6537.0	1.0
6542.0	1.0
6546.0	1.0
6568.0	1.0
6591.0	1.0
6596.0	1.0
6600.0	1.0
6608.0	1.0
6615.0	1.0
6626.0	1.0
6631.0	2.0
6632.0	3.0
6639.0	2.0
6644.0	1.0
6657.0	1.0
6672.0	1.0
6675.0	1.0
6680.0	1.0
6687.0	1.0
6694.0	1.0
6704.0	1.0
6709.0	1.0
6710.0	1.0
6714.0	2.0
6720.0	1.0
6723.0	1.0
6735.0	1.0
6749.0	1.0
6750.0	1.0
6754.0	1.0
6759.0	1.0
6760.0	1.0
6762.0	1.0
6763.0	1.0
6768.0	1.0
6782.0	1.0
6788.0	1.0
6807.0	1.0
6808.0	1.0
6809.0	2.0
6810.0	1.0
6819.0	1.0
6827.0	1.0
6830.0	2.0
6831.0	1.0
6838.0	1.0
6839.0	1.0
6840.0	1.0
6849.0	1.0
6872.0	1.0
6873.0	1.0
6878.0	1.0
6880.0	2.0
6883.0	1.0
6887.0	1.0
6891.0	1.0
6892.0	1.0
6902.0	1.0
6915.0	1.0
6929.0	1.0
6934.0	1.0
6938.0	2.0
6944.0	1.0
6950.0	1.0
6951.0	1.0
6954.0	1.0
6963.0	1.0
6969.0	1.0
6975.0	1.0
6977.0	1.0
6986.0	1.0
7001.0	1.0
7005.0	1.0
7007.0	1.0
7009.0	1.0
7012.0	1.0
7017.0	1.0
7024.0	1.0
7027.0	1.0
7033.0	1.0
7043.0	1.0
7052.0	1.0
7053.0	1.0
7061.0	1.0
7064.0	1.0
7070.0	1.0
7071.0	1.0
7072.0	1.0
7073.0	1.0
7074.0	1.0
7075.0	1.0
7077.0	1.0
7079.0	1.0
7087.0	1.0
7090.0	1.0
7091.0	1.0
7092.0	1.0
7100.0	1.0
7111.0	1.0
7114.0	2.0
7119.0	1.0
7127.0	1.0
7128.0	1.0
7132.0	2.0
7135.0	1.0
7138.0	1.0
7142.0	1.0
7144.0	1.0
7146.0	1.0
7150.0	1.0
7158.0	1.0
7163.0	1.0
7171.0	1.0
7176.0	1.0
7177.0	3.0
7182.0	2.0
7189.0	1.0
7197.0	1.0
7200.0	2.0
7205.0	1.0
7212.0	1.0
7213.0	1.0
7214.0	1.0
7221.0	1.0
7224.0	1.0
7230.0	1.0
7235.0	2.0
7237.0	1.0
7240.0	1.0
7246.0	1.0
7249.0	2.0
7250.0	2.0
7257.0	1.0
7258.0	1.0
7274.0	1.0
7286.0	1.0
7297.0	1.0
7298.0	1.0
7302.0	1.0
7305.0	1.0
7306.0	1.0
7318.0	1.0
7326.0	1.0
7329.0	1.0
7330.0	1.0
7331.0	1.0
7341.0	1.0
7345.0	1.0
7347.0	1.0
7362.0	1.0
7363.0	1.0
7364.0	1.0
7367.0	1.0
7370.0	1.0
7377.0	1.0
7389.0	2.0
7392.0	1.0
7395.0	1.0
7397.0	1.0
7401.0	2.0
7404.0	1.0
7414.0	1.0
7422.0	1.0
7427.0	1.0
7428.0	1.0
7429.0	1.0
7433.0	1.0
7440.0	2.0
7441.0	1.0
7442.0	1.0
7443.0	1.0
7446.0	1.0
7448.0	1.0
7450.0	1.0
7460.0	1.0
7467.0	1.0
7469.0	1.0
7472.0	1.0
7474.0	1.0
7477.0	1.0
7484.0	2.0
7491.0	1.0
7493.0	1.0
7495.0	1.0
7512.0	2.0
7514.0	1.0
7519.0	1.0
7522.0	2.0
7524.0	1.0
7531.0	1.0
7533.0	1.0
7540.0	1.0
7552.0	1.0
7560.0	1.0
7563.0	1.0
7566.0	2.0
7569.0	1.0
7573.0	1.0
7574.0	1.0
7575.0	1.0
7577.0	1.0
7582.0	1.0
7583.0	1.0
7586.0	1.0
7590.0	1.0
7596.0	1.0
7598.0	1.0
7605.0	1.0
7607.0	1.0
7610.0	1.0
7611.0	2.0
7614.0	1.0
7632.0	2.0
7637.0	2.0
7638.0	1.0
7640.0	1.0
7651.0	1.0
7654.0	2.0
7655.0	3.0
7656.0	1.0
7664.0	1.0
7672.0	2.0
7674.0	1.0
7686.0	1.0
7687.0	1.0
7688.0	1.0
7694.0	3.0
7699.0	1.0
7702.0	1.0
7703.0	1.0
7704.0	1.0
7705.0	1.0
7706.0	2.0
7709.0	1.0
7722.0	1.0
7724.0	1.0
7727.0	3.0
7728.0	1.0
7740.0	1.0
7747.0	1.0
7751.0	1.0
7752.0	1.0
7753.0	1.0
7754.0	3.0
7755.0	2.0
7760.0	1.0
7767.0	1.0
7768.0	1.0
7774.0	1.0
7775.0	1.0
7777.0	1.0
7779.0	1.0
7781.0	1.0
7785.0	1.0
7788.0	2.0
7789.0	1.0
7792.0	1.0
7794.0	1.0
7798.0	1.0
7801.0	1.0
7806.0	1.0
7810.0	1.0
7811.0	1.0
7813.0	1.0
7828.0	1.0
7831.0	1.0
7832.0	2.0
7835.0	1.0
7836.0	1.0
7840.0	1.0
7845.0	2.0
7847.0	1.0
7848.0	1.0
7849.0	2.0
7850.0	1.0
7851.0	1.0
7853.0	1.0
7855.0	2.0
7859.0	3.0
7862.0	2.0
7863.0	1.0
7866.0	1.0
7867.0	1.0
7870.0	2.0
7874.0	2.0
7876.0	2.0
7877.0	2.0
7880.0	1.0
7881.0	1.0
7882.0	1.0
7883.0	1.0
7885.0	1.0
7889.0	2.0
7896.0	2.0
7900.0	1.0
7902.0	1.0
7903.0	1.0
7905.0	1.0
7906.0	2.0
7907.0	1.0
7910.0	3.0
7912.0	2.0
7913.0	3.0
7914.0	3.0
7915.0	2.0
7920.0	1.0
7922.0	1.0
7923.0	1.0
7926.0	1.0
7928.0	1.0
7930.0	1.0
7934.0	1.0
7935.0	1.0
7938.0	1.0
7940.0	2.0
7941.0	2.0
7942.0	1.0
7945.0	1.0
7949.0	1.0
7950.0	1.0
7951.0	1.0
7960.0	1.0
7961.0	1.0
7964.0	1.0
7968.0	1.0
7989.0	1.0
8004.0	2.0
8008.0	1.0
8016.0	1.0
8028.0	1.0
8050.0	1.0
8055.0	2.0
8116.0	1.0
8122.0	1.0
8126.0	1.0
8128.0	1.0
8133.0	1.0
8139.0	1.0
8141.0	1.0
8145.0	1.0
8160.0	1.0
8169.0	1.0
8174.0	1.0
8181.0	1.0
8193.0	1.0
8195.0	1.0
8197.0	1.0
8225.0	1.0
8230.0	1.0
8245.0	1.0
8246.0	1.0
8250.0	1.0
8269.0	1.0
8272.0	1.0
8291.0	1.0
8294.0	1.0
8306.0	1.0
8330.0	1.0
8331.0	1.0
8341.0	1.0
8343.0	1.0
8354.0	1.0
8355.0	1.0
8372.0	1.0
8374.0	1.0
8377.0	1.0
8404.0	1.0
8406.0	1.0
8424.0	1.0
8428.0	1.0
8431.0	1.0
8432.0	1.0
8438.0	1.0
8441.0	2.0
8443.0	1.0
8468.0	1.0
8472.0	1.0
8481.0	1.0
8488.0	1.0
8502.0	1.0
8507.0	1.0
8514.0	1.0
8517.0	1.0
8542.0	1.0
8547.0	1.0
8549.0	1.0
8557.0	1.0
8571.0	1.0
8584.0	2.0
8586.0	1.0
8592.0	1.0
8601.0	1.0
8603.0	1.0
8621.0	1.0
8622.0	1.0
8623.0	1.0
8631.0	1.0
8632.0	1.0
8637.0	1.0
8640.0	1.0
8641.0	1.0
8645.0	1.0
8649.0	1.0
8657.0	1.0
8671.0	1.0
8673.0	1.0
8675.0	1.0
8676.0	1.0
8677.0	1.0
8678.0	1.0
8683.0	1.0
8684.0	1.0
8687.0	1.0
8688.0	2.0
8689.0	1.0
8690.0	1.0
8709.0	2.0
8718.0	1.0
8722.0	1.0
8734.0	1.0
8757.0	1.0
8758.0	1.0
8766.0	1.0
8777.0	1.0
8780.0	1.0
8798.0	1.0
8805.0	1.0
8854.0	1.0
8866.0	1.0
8872.0	1.0
8873.0	1.0
8875.0	1.0
8878.0	1.0
8884.0	1.0
8886.0	1.0
8904.0	1.0
8915.0	1.0
8922.0	1.0
8945.0	2.0
8951.0	1.0
8962.0	1.0
8963.0	1.0
8971.0	1.0
8988.0	1.0
9001.0	1.0
9002.0	1.0
9005.0	1.0
9018.0	1.0
9033.0	1.0
9035.0	1.0
9065.0	1.0
9068.0	1.0
9070.0	1.0
9087.0	1.0
9092.0	1.0
9098.0	1.0
9106.0	1.0
9115.0	1.0
9122.0	1.0
9128.0	1.0
9143.0	1.0
9146.0	1.0
9177.0	1.0
9179.0	1.0
9196.0	1.0
9222.0	1.0
9226.0	2.0
9229.0	1.0
9240.0	1.0
9244.0	1.0
9261.0	1.0
9262.0	1.0
9277.0	1.0
9283.0	1.0
9285.0	1.0
9286.0	1.0
9293.0	1.0
9318.0	1.0
9323.0	2.0
9334.0	1.0
9337.0	1.0
9341.0	1.0
9344.0	1.0
9350.0	1.0
9381.0	1.0
9387.0	1.0
9388.0	1.0
9410.0	1.0
9414.0	1.0
9430.0	1.0
9432.0	1.0
9433.0	1.0
9444.0	1.0
9450.0	1.0
9473.0	1.0
9474.0	2.0
9479.0	1.0
9481.0	1.0
9492.0	1.0
9494.0	1.0
9527.0	1.0
9529.0	1.0
9541.0	1.0
9560.0	1.0
9568.0	1.0
9572.0	1.0
9580.0	1.0
9586.0	1.0
9588.0	1.0
9603.0	1.0
9607.0	1.0
9615.0	1.0
9626.0	1.0
9628.0	1.0
9631.0	1.0
9643.0	1.0
9647.0	1.0
9652.0	1.0
9659.0	1.0
9666.0	1.0
9669.0	1.0
9690.0	1.0
9695.0	1.0
9702.0	1.0
9709.0	1.0
9716.0	1.0
9722.0	1.0
9738.0	1.0
9743.0	1.0
9746.0	1.0
9749.0	1.0
9772.0	1.0
9779.0	1.0
9780.0	1.0
9809.0	1.0
9810.0	1.0
9817.0	1.0
9818.0	1.0
9830.0	2.0
9831.0	1.0
9838.0	1.0
9839.0	1.0
9850.0	1.0
9854.0	1.0
9860.0	1.0
9867.0	1.0
9873.0	1.0
9876.0	1.0
9877.0	1.0
9885.0	1.0
9891.0	1.0
9893.0	3.0
9895.0	1.0
9898.0	1.0
9903.0	1.0
9905.0	1.0
9906.0	2.0
9908.0	2.0
9914.0	1.0
9922.0	1.0
9930.0	1.0
9942.0	1.0
9944.0	1.0
9966.0	1.0
9990.0	1.0
9999.0	1.0
10006.0	1.0
10016.0	1.0
10032.0	1.0
10037.0	1.0
10042.0	1.0
10055.0	1.0
10057.0	1.0
10097.0	1.0
10098.0	1.0
10112.0	1.0
10120.0	1.0
10125.0	1.0
10145.0	1.0
10151.0	1.0
10154.0	1.0
10163.0	1.0
10171.0	1.0
10174.0	1.0
10186.0	1.0
10209.0	1.0
10215.0	1.0
10245.0	1.0
10252.0	1.0
10261.0	1.0
10296.0	1.0
10299.0	1.0
10300.0	1.0
10307.0	1.0
10310.0	1.0
10318.0	1.0
10327.0	1.0
10331.0	1.0
10341.0	1.0
10350.0	1.0
10369.0	1.0
10379.0	1.0
10389.0	1.0
10401.0	1.0
10405.0	1.0
10422.0	1.0
10433.0	1.0
10440.0	2.0
10448.0	1.0
10455.0	1.0
10467.0	1.0
10486.0	1.0
10496.0	1.0
10508.0	1.0
10517.0	1.0
10520.0	1.0
10525.0	1.0
10528.0	1.0
10534.0	1.0
10542.0	1.0
10549.0	1.0
10556.0	1.0
10558.0	1.0
10563.0	1.0
10569.0	1.0
10579.0	1.0
10607.0	1.0
10627.0	1.0
10633.0	1.0
10634.0	1.0
10637.0	1.0
10644.0	1.0
10652.0	1.0
10690.0	1.0
10692.0	1.0
10695.0	1.0
10706.0	1.0
10714.0	1.0
10715.0	1.0
10716.0	1.0
10722.0	1.0
10734.0	1.0
10738.0	1.0
10742.0	1.0
10754.0	1.0
10756.0	1.0
10765.0	1.0
10783.0	2.0
10794.0	1.0
10804.0	1.0
10807.0	1.0
10809.0	1.0
10820.0	1.0
10821.0	1.0
10826.0	1.0
10828.0	1.0
10839.0	1.0
10855.0	1.0
10859.0	1.0
10863.0	1.0
10869.0	1.0
10887.0	1.0
10889.0	1.0
10895.0	1.0
10900.0	1.0
10902.0	1.0
10920.0	1.0
10924.0	1.0
10931.0	1.0
10934.0	1.0
10936.0	1.0
10939.0	1.0
10953.0	1.0
10970.0	1.0
10977.0	1.0
10991.0	1.0
10993.0	2.0
10996.0	1.0
11002.0	1.0
11009.0	1.0
11010.0	1.0
11014.0	1.0
11020.0	1.0
11026.0	1.0
11030.0	1.0
11034.0	1.0
11036.0	1.0
11038.0	1.0
11039.0	1.0
11042.0	1.0
11043.0	1.0
11045.0	1.0
11052.0	1.0
11057.0	1.0
11058.0	1.0
11060.0	1.0
11067.0	2.0
11071.0	1.0
11073.0	1.0
11074.0	2.0
11077.0	1.0
11083.0	1.0
11103.0	1.0
11109.0	1.0
11113.0	1.0
11152.0	1.0
11164.0	1.0
11173.0	1.0
11177.0	1.0
11183.0	1.0
11219.0	1.0
11231.0	1.0
11234.0	1.0
11243.0	1.0
11251.0	1.0
11254.0	1.0
11282.0	1.0
11306.0	1.0
11307.0	1.0
11308.0	1.0
11316.0	1.0
11343.0	1.0
11359.0	1.0
11380.0	1.0
11412.0	1.0
11417.0	1.0
11418.0	1.0
11434.0	1.0
11436.0	1.0
11441.0	1.0
11451.0	1.0
11479.0	1.0
11482.0	1.0
11486.0	1.0
11531.0	1.0
11550.0	1.0
11559.0	1.0
11566.0	1.0
11573.0	1.0
11600.0	1.0
11606.0	1.0
11625.0	1.0
11630.0	1.0
11643.0	1.0
11659.0	1.0
11660.0	1.0
11668.0	1.0
11678.0	1.0
11686.0	1.0
11692.0	1.0
11705.0	1.0
11711.0	1.0
11741.0	1.0
11755.0	1.0
11758.0	1.0
11768.0	1.0
11772.0	1.0
11780.0	1.0
11790.0	1.0
11801.0	1.0
11802.0	1.0
11818.0	1.0
11836.0	1.0
11839.0	1.0
11856.0	1.0
11868.0	1.0
11886.0	1.0
11898.0	1.0
11899.0	1.0
11911.0	1.0
11924.0	1.0
11937.0	1.0
11938.0	1.0
11966.0	1.0
11971.0	1.0
11993.0	1.0
12012.0	1.0
12022.0	1.0
12030.0	1.0
12037.0	1.0
12059.0	1.0
12069.0	1.0
12077.0	1.0
12082.0	1.0
12103.0	2.0
12108.0	2.0
12121.0	1.0
12135.0	1.0
12172.0	1.0
12181.0	1.0
12185.0	1.0
12188.0	1.0
12196.0	1.0
12198.0	1.0
12207.0	1.0
12220.0	1.0
12223.0	1.0
12224.0	1.0
12246.0	1.0
12261.0	1.0
12285.0	1.0
12292.0	1.0
12314.0	1.0
12323.0	1.0
12337.0	1.0
12347.0	1.0
12382.0	1.0
12390.0	1.0
12400.0	1.0
12406.0	1.0
12411.0	1.0
12432.0	1.0
12436.0	1.0
12437.0	1.0
12443.0	1.0
12447.0	1.0
12493.0	1.0
12494.0	1.0
12509.0	1.0
12531.0	2.0
12536.0	1.0
12542.0	1.0
12561.0	1.0
12576.0	1.0
12581.0	1.0
12593.0	1.0
12608.0	1.0
12635.0	1.0
12652.0	1.0
12654.0	1.0
12657.0	1.0
12659.0	1.0
12686.0	1.0
12693.0	2.0
12719.0	1.0
12742.0	1.0
12757.0	1.0
12767.0	1.0
12803.0	1.0
12812.0	1.0
12814.0	1.0
12815.0	1.0
12829.0	1.0
12833.0	1.0
12835.0	1.0
12859.0	1.0
12874.0	1.0
12884.0	1.0
12908.0	1.0
12912.0	1.0
12919.0	1.0
12923.0	1.0
12934.0	1.0
12944.0	1.0
12953.0	1.0
12963.0	1.0
12977.0	1.0
13005.0	1.0
13013.0	1.0
13015.0	1.0
13022.0	1.0
13033.0	1.0
13051.0	1.0
13064.0	1.0
13068.0	1.0
13089.0	1.0
13103.0	1.0
13121.0	1.0
13125.0	1.0
13130.0	1.0
13135.0	1.0
13147.0	1.0
13152.0	1.0
13192.0	1.0
13199.0	1.0
13200.0	1.0
13201.0	1.0
13210.0	2.0
13221.0	1.0
13225.0	1.0
13249.0	1.0
13275.0	1.0
13281.0	1.0
13293.0	1.0
13296.0	1.0
13298.0	2.0
13302.0	1.0
13316.0	1.0
13346.0	1.0
13358.0	1.0
13362.0	1.0
13379.0	1.0
13384.0	1.0
13402.0	1.0
13422.0	1.0
13424.0	1.0
13438.0	1.0
13451.0	1.0
13468.0	1.0
13475.0	1.0
13481.0	1.0
13496.0	2.0
13503.0	1.0
13505.0	1.0
13512.0	1.0
13522.0	1.0
13524.0	1.0
13533.0	1.0
13536.0	1.0
13548.0	1.0
13570.0	1.0
13571.0	1.0
13573.0	1.0
13576.0	1.0
13620.0	1.0
13622.0	1.0
13627.0	1.0
13632.0	1.0
13635.0	1.0
13642.0	1.0
13647.0	1.0
13657.0	1.0
13688.0	1.0
13693.0	1.0
13695.0	1.0
13697.0	1.0
13713.0	1.0
13723.0	1.0
13729.0	1.0
13732.0	1.0
13761.0	1.0
13762.0	2.0
13775.0	1.0
13784.0	1.0
13796.0	1.0
13803.0	1.0
13804.0	1.0
13807.0	1.0
13811.0	1.0
13824.0	1.0
13831.0	1.0
13853.0	1.0
13870.0	1.0
13874.0	1.0
13895.0	1.0
13897.0	1.0
13903.0	1.0
13907.0	2.0
13925.0	1.0
13952.0	1.0
13953.0	1.0
13965.0	1.0
13969.0	1.0
13976.0	1.0
13980.0	1.0
13989.0	1.0
13997.0	1.0
14003.0	1.0
14012.0	1.0
14038.0	1.0
14072.0	1.0
14073.0	2.0
14079.0	1.0
14093.0	1.0
14102.0	1.0
14152.0	1.0
14157.0	1.0
14159.0	1.0
14162.0	1.0
14172.0	1.0
14199.0	1.0
14214.0	1.0
14221.0	1.0
14223.0	1.0
14226.0	1.0
14233.0	1.0
14253.0	1.0
14264.0	1.0
14278.0	1.0
14286.0	1.0
14296.0	1.0
14308.0	1.0
14309.0	1.0
14314.0	2.0
14315.0	2.0
14318.0	1.0
14326.0	1.0
14336.0	1.0
14380.0	1.0
14385.0	1.0
14407.0	1.0
14412.0	1.0
14415.0	2.0
14417.0	1.0
14431.0	1.0
14451.0	1.0
14457.0	1.0
14460.0	1.0
14464.0	2.0
14480.0	1.0
14489.0	1.0
14514.0	1.0
14528.0	1.0
14542.0	1.0
14551.0	1.0
14594.0	1.0
14614.0	1.0
14621.0	1.0
14635.0	1.0
14651.0	1.0
14658.0	1.0
14661.0	1.0
14702.0	1.0
14717.0	1.0
14725.0	1.0
14739.0	1.0
14745.0	1.0
14773.0	1.0
14789.0	1.0
14801.0	1.0
14836.0	1.0
14853.0	2.0
14867.0	1.0
14881.0	1.0
14887.0	1.0
14913.0	1.0
14932.0	1.0
14935.0	1.0
14953.0	1.0
14962.0	1.0
14985.0	1.0
15006.0	1.0
15048.0	1.0
15054.0	1.0
15083.0	1.0
15085.0	1.0
15098.0	1.0
15123.0	1.0
15125.0	1.0
15143.0	1.0
15151.0	1.0
15156.0	1.0
15174.0	1.0
15184.0	1.0
15197.0	1.0
15199.0	1.0
15214.0	1.0
15235.0	1.0
15268.0	1.0
15273.0	1.0
15291.0	1.0
15292.0	1.0
15313.0	1.0
15346.0	1.0
15347.0	1.0
15375.0	1.0
15378.0	1.0
15381.0	1.0
15384.0	1.0
15402.0	1.0
15430.0	1.0
15443.0	1.0
15452.0	1.0
15473.0	1.0
15494.0	1.0
15500.0	1.0
15504.0	1.0
15507.0	1.0
15508.0	1.0
15514.0	1.0
15538.0	1.0
15554.0	2.0
15562.0	1.0
15571.0	1.0
15573.0	1.0
15580.0	1.0
15616.0	1.0
15620.0	1.0
15627.0	1.0
15629.0	1.0
15642.0	1.0
15648.0	1.0
15663.0	1.0
15671.0	1.0
15693.0	1.0
15721.0	1.0
15725.0	2.0
15743.0	1.0
15764.0	1.0
15770.0	1.0
15772.0	1.0
15780.0	1.0
15783.0	1.0
15800.0	1.0
15822.0	1.0
15833.0	1.0
15848.0	1.0
15856.0	1.0
15861.0	1.0
15877.0	1.0
15887.0	1.0
15892.0	1.0
15899.0	1.0
15903.0	1.0
15906.0	1.0
15917.0	1.0
15919.0	1.0
15942.0	1.0
15952.0	1.0
15961.0	1.0
16010.0	1.0
16028.0	1.0
16063.0	1.0
16074.0	1.0
16080.0	1.0
16100.0	1.0
16188.0	1.0
16210.0	1.0
16245.0	1.0
16298.0	1.0
16305.0	1.0
16361.0	1.0
16374.0	1.0
16380.0	1.0
16404.0	1.0
16419.0	1.0
16477.0	1.0
16481.0	1.0
16520.0	1.0
16532.0	1.0
16540.0	1.0
16565.0	1.0
16566.0	1.0
16585.0	1.0
16607.0	1.0
16622.0	1.0
16646.0	1.0
16654.0	1.0
16658.0	1.0
16723.0	1.0
16734.0	1.0
16746.0	1.0
16780.0	1.0
16788.0	1.0
16817.0	1.0
16822.0	1.0
16831.0	1.0
16859.0	1.0
16889.0	1.0
16900.0	1.0
16935.0	1.0
16948.0	1.0
16954.0	1.0
16972.0	1.0
16979.0	1.0
16996.0	1.0
17025.0	1.0
17036.0	1.0
17069.0	1.0
17084.0	1.0
17109.0	1.0
17141.0	1.0
17163.0	1.0
17193.0	2.0
17198.0	1.0
17224.0	1.0
17249.0	1.0
17261.0	1.0
17268.0	1.0
17282.0	1.0
17319.0	1.0
17328.0	1.0
17348.0	1.0
17363.0	1.0
17379.0	1.0
17392.0	1.0
17394.0	1.0
17415.0	1.0
17457.0	1.0
17472.0	1.0
17479.0	1.0
17491.0	1.0
17509.0	1.0
17537.0	1.0
17538.0	1.0
17552.0	1.0
17563.0	1.0
17564.0	1.0
17585.0	1.0
17608.0	1.0
17618.0	1.0
17622.0	1.0
17646.0	1.0
17662.0	1.0
17666.0	1.0
17668.0	1.0
17676.0	1.0
17694.0	1.0
17698.0	1.0
17716.0	1.0
17746.0	1.0
17763.0	1.0
17773.0	1.0
17778.0	1.0
17787.0	1.0
17788.0	1.0
17792.0	1.0
17809.0	1.0
17817.0	1.0
17823.0	1.0
17829.0	1.0
17830.0	1.0
17862.0	1.0
17865.0	1.0
17867.0	1.0
17868.0	1.0
17875.0	1.0
17877.0	1.0
17882.0	1.0
17888.0	1.0
17893.0	1.0
17896.0	1.0
17897.0	1.0
17908.0	1.0
17914.0	1.0
17915.0	1.0
17917.0	2.0
17929.0	1.0
17933.0	1.0
17943.0	1.0
18301.0	1.0
19106.0	1.0
20060.0	1.0
20163.0	1.0
20225.0	1.0
20284.0	1.0
20326.0	1.0
20370.0	1.0
20428.0	1.0
20487.0	1.0
20538.0	1.0
20578.0	1.0
20591.0	1.0
20620.0	1.0
20635.0	2.0
20661.0	1.0
20691.0	1.0
20700.0	1.0
20739.0	1.0
20742.0	1.0
20751.0	1.0
20759.0	1.0
20775.0	1.0
20776.0	1.0
20778.0	1.0
20779.0	1.0
20781.0	1.0
20795.0	1.0
20803.0	1.0
20804.0	1.0
20808.0	1.0
20812.0	1.0
20815.0	1.0
20938.0	1.0
21764.0	1.0
23876.0	1.0
23909.0	1.0
25390.0	1.0
28253.0	1.0
28642.0	1.0
31312.0	1.0
33311.0	1.0
34986.0	1.0
35670.0	1.0
36429.0	1.0
37940.0	1.0
39136.0	1.0
40047.0	1.0
40569.0	1.0
40762.0	1.0
41399.0	1.0
41926.0	1.0
42282.0	1.0
42682.0	1.0
42904.0	1.0
43178.0	1.0
43387.0	1.0
43582.0	1.0
43584.0	1.0
43737.0	1.0
43921.0	1.0
44064.0	1.0
44202.0	1.0
44331.0	1.0
44392.0	1.0
44496.0	1.0
44606.0	1.0
44706.0	1.0
44796.0	1.0
44883.0	1.0
44974.0	1.0
45007.0	1.0
45028.0	1.0
45063.0	1.0
45171.0	1.0
45202.0	1.0
45209.0	1.0
45261.0	1.0
45322.0	1.0
45348.0	1.0
45378.0	1.0
45408.0	1.0
45421.0	1.0
45485.0	1.0
45531.0	1.0
45535.0	1.0
45568.0	1.0
45640.0	1.0
45643.0	1.0
45674.0	1.0
45715.0	1.0
45729.0	1.0
45807.0	1.0
45808.0	1.0
45835.0	1.0
45858.0	1.0
45902.0	1.0
45925.0	1.0
45951.0	1.0
45962.0	1.0
46023.0	1.0
46039.0	1.0
46056.0	1.0
46064.0	1.0
46074.0	1.0
46078.0	1.0
46088.0	1.0
46104.0	1.0
46111.0	1.0
46120.0	1.0
46127.0	1.0
46131.0	1.0
46135.0	1.0
46144.0	1.0
46145.0	1.0
46149.0	1.0
46159.0	1.0
46162.0	1.0
46163.0	1.0
46164.0	1.0
46165.0	1.0
46166.0	1.0
46168.0	1.0
46170.0	1.0
46200.0	1.0
46323.0	1.0
46457.0	1.0
46609.0	1.0
46754.0	1.0
46868.0	1.0
47020.0	1.0
47169.0	1.0
47308.0	1.0
47450.0	1.0
47618.0	1.0
47786.0	1.0
47970.0	1.0
48126.0	1.0
48284.0	1.0
48302.0	1.0
48462.0	1.0
48627.0	1.0
48807.0	1.0
49001.0	1.0
49179.0	1.0
49365.0	1.0
49586.0	1.0
49777.0	1.0
50010.0	1.0
50178.0	1.0
50203.0	1.0
50393.0	1.0
50586.0	1.0
50819.0	1.0
51003.0	1.0
51189.0	1.0
51412.0	1.0
51616.0	1.0
51657.0	1.0
51829.0	1.0
52052.0	1.0
52298.0	1.0
52566.0	1.0
52769.0	1.0
52890.0	1.0
52947.0	1.0
53157.0	1.0
53392.0	1.0
53625.0	1.0
53843.0	1.0
53917.0	1.0
53995.0	1.0
54206.0	1.0
54380.0	1.0
54428.0	1.0
54544.0	1.0
54667.0	1.0
54811.0	1.0
54919.0	1.0
54988.0	1.0
55084.0	1.0
55216.0	1.0
55258.0	1.0
