#Position (bp)	insert size	chromosomes
2586908.5	531837.4477475317	0.0
7760724.5	533091.861922545	533258.5910655439
1.29345405E7	421389.1251579905	0.0
1.81083565E7	347466.0709783346	0.0
2.32821725E7	286490.66286966397	533258.5910655439
2.84559885E7	220610.97523148547	0.0
3.36298045E7	225078.15592751722	0.0
3.88036205E7	234293.5274804436	533258.5910655439
4.39774365E7	188487.3164940712	0.0
4.91512525E7	199092.55466201872	0.0
5.43250685E7	202024.6130763546	533258.5910655439
5.94988845E7	166115.13232593483	0.0
6.46727005E7	160526.77748700132	0.0
6.98465165E7	99814.84437494235	533258.5910655439
7.50203325E7	120241.96862288869	0.0
8.01941485E7	115228.25175907151	0.0
8.53679645E7	140932.56098440182	533258.5910655439
9.05417805E7	127869.3596001878	0.0
9.57155965E7	124054.10721167405	0.0
1.008894125E8	177320.5268211728	533258.5910655439
1.060632285E8	199245.87245579652	0.0
1.112370445E8	202781.22688689324	0.0
1.164108605E8	103699.2892512833	533258.5910655439
1.215846765E8	93020.59745248768	0.0
1.267584925E8	131080.6965707542	0.0
1.319323085E8	132154.1438435651	533258.5910655439
1.371061245E8	156866.5044512639	0.0
1.422799405E8	95889.66216065768	0.0
1.474537565E8	112573.46723292972	533258.5910655439
1.526275725E8	156253.2151294249	0.0
1.578013885E8	108736.47822231574	0.0
1.629752045E8	133227.93077913017	533258.5910655439
1.681490205E8	94208.42524524445	0.0
1.733228365E8	111954.62556382263	0.0
1.784966525E8	65558.44261101699	533258.5910655439
1.836704685E8	80503.85877917528	0.0
1.888442845E8	77651.19532302549	0.0
1.940181005E8	65655.25986596906	533258.5910655439
1.991919165E8	76029.54976484909	0.0
2.043657325E8	95966.56582181063	0.0
2.095395485E8	144303.03363103795	533258.5910655439
2.147133645E8	94761.4084092446	0.0
2.198871805E8	79345.82437429411	0.0
2.250609965E8	58430.80954556483	533258.5910655439
2.302348125E8	69283.6676389086	0.0
2.354086285E8	69890.6433360776	0.0
2.405824445E8	55127.69883337958	533258.5910655439
2.457562605E8	39672.45176195118	0.0
2.509300765E8	46865.89870628853	0.0
2.561038925E8	35432.88516948768	533258.5910655439
2.612777085E8	24410.720548627793	0.0
2.664515245E8	34784.6101851099	0.0
2.716253405E8	22594.5666243207	533258.5910655439
2.767991565E8	29499.745846643385	0.0
2.819729725E8	24094.184460440523	0.0
2.871467885E8	24432.67581477617	533258.5910655439
2.923206045E8	36567.5104185426	0.0
2.974944205E8	35026.29771055803	0.0
3.026682365E8	20906.572920838153	533258.5910655439
3.078420525E8	19309.00287883138	0.0
3.130158685E8	25658.09231091717	0.0
3.181896845E8	20838.698898976283	533258.5910655439
3.233635005E8	12612.50236376455	0.0
3.285373165E8	14130.63862383902	0.0
3.337111325E8	14287.119254093124	533258.5910655439
3.388849485E8	17204.48723714632	0.0
3.440587645E8	14106.954562871326	0.0
3.492325805E8	13351.639002664708	533258.5910655439
3.544063965E8	11947.785562405552	0.0
3.595802125E8	13866.992649292597	0.0
3.647540285E8	14504.871034024118	533258.5910655439
3.699278445E8	19785.144503604086	0.0
3.751016605E8	17431.906645285508	0.0
3.802754765E8	14967.359180260324	533258.5910655439
3.854492925E8	14780.76743757437	0.0
3.906231085E8	16499.234525891654	0.0
3.957969245E8	9276.73857483966	533258.5910655439
4.009707405E8	14703.761584354208	0.0
4.061445565E8	15714.765804965447	0.0
4.113183725E8	11516.411928551808	533258.5910655439
4.164921885E8	12068.08209128277	0.0
4.216660045E8	7996.045216275599	0.0
4.268398205E8	5038.101678877809	533258.5910655439
4.320136365E8	3135.3619466444193	0.0
4.371874525E8	3921.454216343493	0.0
4.423612685E8	4822.987509123056	533258.5910655439
4.475350845E8	4178.331904680051	0.0
4.527089005E8	5138.429988647371	0.0
4.578827165E8	3066.2221059892236	533258.5910655439
4.630565325E8	3253.877645099279	0.0
4.682303485E8	1480.2674569277685	0.0
4.734041645E8	702.8871502621927	533258.5910655439
4.785779805E8	512.0801664935589	0.0
4.823234295E8	287.21803852889667	0.0
4.849103375E8	77586.32064053978	533258.5910655439
4.889256125E8	34683.59490703622	0.0
4.940994285E8	23521.289577419095	0.0
4.992732445E8	31893.780176298773	533258.5910655439
5.044470605E8	16793.580927147243	0.0
5.096208765E8	26754.297343325947	0.0
5.147946925E8	18352.366919570948	533258.5910655439
5.199685085E8	16940.063057205378	0.0
5.251423245E8	13729.04980394299	0.0
5.303161405E8	12225.663941038687	533258.5910655439
5.354899565E8	13492.094467735404	0.0
5.406637725E8	11791.166312185562	0.0
5.458375885E8	9062.225725584838	533258.5910655439
5.510114045E8	9509.51447350226	0.0
5.561852205E8	7770.961191152531	0.0
5.613590365E8	7797.733190818071	533258.5910655439
5.665328525E8	7721.764643653872	0.0
5.717066685E8	6796.96978180209	0.0
5.768804845E8	4710.733172989322	533258.5910655439
5.820543005E8	4987.307525300694	0.0
5.872281165E8	4765.424805050608	0.0
5.924019325E8	2748.600720571691	533258.5910655439
5.975757485E8	2083.4949568303623	0.0
6.027495645E8	1719.994661335473	0.0
6.079233805E8	1836.9855570251646	533258.5910655439
6.130971965E8	1586.970455963367	0.0
6.182710125E8	1241.3672517705413	0.0
6.234448285E8	1512.4359536593988	533258.5910655439
6.286186445E8	470.0707864549923	0.0
6.337924605E8	702.3163313807185	0.0
6.389662765E8	586.0671251034714	533258.5910655439
6.441400925E8	318.542614113929	0.0
6.493139085E8	309.5200925795448	0.0
6.520379055E8	280.22953629705484	533258.5910655439
6.546248135E8	533258.5910655439	0.0
6.596615405E8	519902.9802933141	0.0
6.648353565E8	494904.38809274166	533258.5910655439
6.700091725E8	384660.90140334796	0.0
6.751829885E8	316609.8932492832	0.0
6.803568045E8	274216.04872931173	533258.5910655439
6.855306205E8	203239.3610093088	0.0
6.907044365E8	222286.59971052862	0.0
6.958782525E8	178205.7706755026	533258.5910655439
7.010520685E8	236471.42328119217	0.0
7.062258845E8	227300.7249065358	0.0
7.113997005E8	148385.36451787813	533258.5910655439
7.165735165E8	200712.90642474248	0.0
7.217473325E8	145520.6659546249	0.0
7.269211485E8	140048.14045273856	533258.5910655439
7.320949645E8	149074.2133382736	0.0
7.372687805E8	144547.41659121084	0.0
7.424425965E8	138182.24226221893	533258.5910655439
7.476164125E8	161826.89747090338	0.0
7.527902285E8	142010.80419894104	0.0
7.579640445E8	157139.25395916277	533258.5910655439
7.631378605E8	128488.70113418854	0.0
7.683116765E8	129337.62747047968	0.0
7.734854925E8	197888.23680136423	533258.5910655439
7.786593085E8	95190.49912690435	0.0
7.838331245E8	121003.81317488806	0.0
7.890069405E8	138842.59742436532	533258.5910655439
7.941807565E8	132711.16057158398	0.0
7.993545725E8	108457.63923567063	0.0
8.045283885E8	110544.19266154086	533258.5910655439
8.097022045E8	85660.91466830323	0.0
8.148760205E8	74098.5050622578	0.0
8.200498365E8	91043.77437755997	533258.5910655439
8.252236525E8	112126.83833397366	0.0
8.303974685E8	121054.7127568756	0.0
8.355712845E8	90168.62341647325	533258.5910655439
8.407451005E8	83724.56204813122	0.0
8.459189165E8	121847.1609920705	0.0
8.510927325E8	110204.86803205924	533258.5910655439
8.562665485E8	134043.90679228952	0.0
8.614403645E8	97640.73188052088	0.0
8.666141805E8	70893.20936645777	533258.5910655439
8.717879965E8	183295.38338870925	0.0
8.769618125E8	130250.83122952814	0.0
8.821356285E8	84184.34216514001	533258.5910655439
8.873094445E8	87417.35623329588	0.0
8.924832605E8	91293.37014397774	0.0
8.976570765E8	95245.92265968848	533258.5910655439
9.028308925E8	80146.91948255086	0.0
9.080047085E8	93046.98712041193	0.0
9.131785245E8	73881.2346259596	533258.5910655439
9.183523405E8	64614.83622750652	0.0
9.235261565E8	59475.67234319747	0.0
9.286999725E8	52508.80040671363	533258.5910655439
9.338737885E8	60786.285603039956	0.0
9.390476045E8	36995.69150420617	0.0
9.442214205E8	30455.51204154967	533258.5910655439
9.493952365E8	26949.68284476595	0.0
9.545690525E8	25573.202694590324	0.0
9.597428685E8	42181.210042261046	533258.5910655439
9.649166845E8	20387.42408434586	0.0
9.700905005E8	15219.631552938054	0.0
9.752643165E8	17858.57127215292	533258.5910655439
9.804381325E8	15121.341652869824	0.0
9.856119485E8	11363.367215190481	0.0
9.907857645E8	18686.53706777801	533258.5910655439
9.959595805E8	10605.07404022374	0.0
1.0011333965E9	7970.444179773583	0.0
1.0063072125E9	15314.987604397205	533258.5910655439
1.0114810285E9	9588.607301778395	0.0
1.0166548445E9	9285.654991224817	0.0
1.0218286605E9	7983.702351845307	533258.5910655439
1.0270024765E9	6531.480779881323	0.0
1.0321762925E9	8689.639260600614	0.0
1.0373501085E9	4989.234515501437	533258.5910655439
1.0425239245E9	6012.297524526623	0.0
1.0476977405E9	6030.95288178195	0.0
1.0528715565E9	4884.890795567254	533258.5910655439
1.0580453725E9	3815.1979811795322	0.0
1.0632191885E9	8013.925119499882	0.0
1.0683930045E9	2820.6963501176656	533258.5910655439
1.0735668205E9	3154.8100914423812	0.0
1.0787406365E9	2285.601858643789	0.0
1.0839144525E9	1911.925483171808	533258.5910655439
1.0890882685E9	2917.010970427972	0.0
1.0942620845E9	1507.7348609725625	0.0
1.0994359005E9	1075.0771821103278	533258.5910655439
1.1046097165E9	976.8810679444548	0.0
1.1097835325E9	701.6705298059965	0.0
1.1149573485E9	364.5984272954068	533258.5910655439
1.1181882005E9	258.90937291856824	0.0
1.1207751085E9	298602.6749602152	0.0
1.1253049805E9	281876.3399707745	533258.5910655439
1.1304787965E9	224959.73549330846	0.0
1.1356526125E9	119353.79961372081	0.0
1.1408264285E9	111907.55939487708	533258.5910655439
1.1460002445E9	108180.74115733779	0.0
1.1511740605E9	137541.90814149127	0.0
1.1563478765E9	74569.63237860314	533258.5910655439
1.1615216925E9	69850.28208323079	0.0
1.1666955085E9	60503.657425893376	0.0
1.1718693245E9	53895.20499805128	533258.5910655439
1.1770431405E9	38256.73935628501	0.0
1.1822169565E9	36185.14385369396	0.0
1.1873907725E9	40964.005996838714	533258.5910655439
1.1925645885E9	33716.224451185124	0.0
1.1977384045E9	39892.06190250983	0.0
1.2029122205E9	42491.40862834495	533258.5910655439
1.2080860365E9	36979.59082481178	0.0
1.2132598525E9	27130.573709204604	0.0
1.2184336685E9	41750.64471940536	533258.5910655439
1.2236074845E9	34537.55410012837	0.0
1.2287813005E9	42153.14017378451	0.0
1.2339551165E9	32060.289964608834	533258.5910655439
1.2391289325E9	14817.02720176514	0.0
1.2443027485E9	24169.97030012224	0.0
1.2494765645E9	24572.834200462697	533258.5910655439
1.2546503805E9	28802.75715664201	0.0
1.2598241965E9	28900.062109043367	0.0
1.2649980125E9	44441.81463132248	533258.5910655439
1.2701718285E9	46796.71549717739	0.0
1.2753456445E9	49892.09293765042	0.0
1.2805194605E9	31973.307894178604	533258.5910655439
1.2856932765E9	25052.772654254244	0.0
1.2908670925E9	27520.015486991182	0.0
1.2960409085E9	21765.61521672672	533258.5910655439
1.3012147245E9	20087.613810639385	0.0
1.3063885405E9	19506.60986133029	0.0
1.3115623565E9	25668.119447721147	533258.5910655439
1.3167361725E9	28976.07731323299	0.0
1.3219099885E9	22055.33567904927	0.0
1.3270838045E9	15858.109434659878	533258.5910655439
1.3322576205E9	13959.543825596993	0.0
1.3374314365E9	8030.0320037149595	0.0
1.3426052525E9	11033.501357255029	533258.5910655439
1.3477790685E9	13067.528574316324	0.0
1.3529528845E9	11035.830121336767	0.0
1.3581267005E9	8017.955925891424	533258.5910655439
1.3633005165E9	9665.401171258221	0.0
1.3684743325E9	8950.270450234502	0.0
1.3736481485E9	5853.541035188674	533258.5910655439
1.3788219645E9	8224.353453406922	0.0
1.3839957805E9	11057.579207236387	0.0
1.3891695965E9	9988.61355374751	533258.5910655439
1.3943434125E9	6894.088645361398	0.0
1.3995172285E9	4597.659466304909	0.0
1.4046910445E9	4643.239732418337	533258.5910655439
1.4098648605E9	2212.3741196921524	0.0
1.4150386765E9	2227.6221564619477	0.0
1.4202124925E9	1291.923121356929	533258.5910655439
1.4253863085E9	2010.4863596829714	0.0
1.4305601245E9	926.647234288896	0.0
1.4357339405E9	392.42478446639257	533258.5910655439
1.4388118925E9	257.43913326407363	0.0
1.441065418E9	261.70353910532975	0.0
1.443161282E9	279.1538364955357	533258.5910655439
1.443735882E9	277.96522604012233	0.0
1.4442895865E9	252.38500908040285	0.0
1.444913117E9	244.89317507418397	533258.5910655439
1.4455288255E9	240.14797665557325	0.0
1.4460931365E9	270.28253023255814	0.0
1.4465982825E9	282.982279716866	533258.5910655439
1.447080158E9	241.14278884462152	0.0
1.4475167665E9	276.78406641654027	0.0
1.447907069E9	278.7625422980727	533258.5910655439
1.4482862265E9	227.43820224719101	0.0
1.4485718975E9	285.1815230623563	0.0
1.4487481175E9	278.95207434853916	533258.5910655439
1.449001605E9	267.67084984588286	0.0
1.449343901E9	196.945	0.0
1.4496668465E9	272.6629505474228	533258.5910655439
1.449974313E9	267.42120579490097	0.0
1.4502684415E9	262.98365122615803	0.0
1.450540361E9	261.2696747114376	533258.5910655439
1.450801367E9	215.85496183206106	0.0
1.451059176E9	278.9611709205274	0.0
1.451307661E9	259.78519328956963	533258.5910655439
1.451547714E9	256.5239408373026	0.0
1.451784517E9	272.6429619401053	0.0
1.452015901E9	202.0441176470588	533258.5910655439
1.452241601E9	243.47940711942655	0.0
1.4524656315E9	259.145429475221	0.0
1.4526889625E9	276.7261951251261	533258.5910655439
1.452904683E9	274.9310556285589	0.0
1.4531132205E9	278.6782383672672	0.0
1.4533199045E9	218.47153024911032	533258.5910655439
1.45352382E9	215.03896103896105	0.0
1.4537245535E9	73.81818181818181	0.0
1.453833122E9	267.9040968342644	533258.5910655439
1.453924137E9	268.32097821933513	0.0
1.4540967415E9	267.1427694574024	0.0
1.4542765095E9	280.9912764003673	533258.5910655439
1.454453896E9	236.33333333333334	0.0
1.454627853E9	278.9549992320688	0.0
1.454793793E9	273.60795454545456	533258.5910655439
1.454954221E9	277.0158960043098	0.0
1.455113722E9	268.61735884274384	0.0
1.4552707885E9	277.3922906535632	533258.5910655439
1.4554260495E9	247.37	0.0
1.455579934E9	254.25435356200526	0.0
1.4557323775E9	277.52814978056546	533258.5910655439
1.4558840695E9	276.45460371715444	0.0
1.4560335785E9	279.66489348898784	0.0
1.4561805565E9	271.6242069909193	533258.5910655439
1.456323842E9	280.5003036016746	0.0
1.4564639545E9	276.4545782133977	0.0
1.4566031245E9	278.229805078107	533258.5910655439
1.4567407675E9	275.0665492957746	0.0
1.456877058E9	280.1561486506591	0.0
1.457012944E9	270.73382173382174	533258.5910655439
1.4571458465E9	221.16666666666666	0.0
1.45727575E9	281.1169257093968	0.0
1.45740535E9	295.65042444821734	533258.5910655439
1.4575345845E9	269.53790741020606	0.0
1.4576628165E9	277.5629442088888	0.0
1.457789841E9	236.25757575757575	533258.5910655439
1.457916243E9	277.58643833724625	0.0
1.4580424135E9	215.44612068965517	0.0
1.458166698E9	277.5396909664981	533258.5910655439
1.4582888625E9	185.19354838709677	0.0
1.4584101875E9	262.80354102826016	0.0
1.458530464E9	210.41666666666666	533258.5910655439
1.4586499655E9	276.2940510669463	0.0
1.458768974E9	284.7337773549001	0.0
1.4588873735E9	271.2987741021376	533258.5910655439
1.458981243E9	230.7659574468085	0.0
1.4590379465E9	252.79255319148936	0.0
1.459116151E9	251.38992332968238	533258.5910655439
1.4592278825E9	165.42857142857142	0.0
1.4593384345E9	280.47982019892885	0.0
1.45944875E9	283.619538256058	533258.5910655439
1.4595583745E9	259.28599412340844	0.0
1.459667337E9	263.60500260552374	0.0
1.4597759645E9	277.087904240487	533258.5910655439
1.4598837445E9	278.45174416453966	0.0
1.459990724E9	138.9189189189189	0.0
1.460095789E9	283.38034092434344	533258.5910655439
1.4601989665E9	241.3158844765343	0.0
1.460301645E9	268.90749414519905	0.0
1.460403974E9	278.42908964073945	533258.5910655439
1.4605052115E9	278.2153867201751	0.0
1.460605256E9	290.82177675914204	0.0
1.4607050395E9	279.1077512776831	533258.5910655439
1.4608042615E9	251.60326086956522	0.0
1.4609024215E9	278.7459897581985	0.0
1.4609995645E9	230.84012539184954	533258.5910655439
1.461096222E9	277.1129559381383	0.0
1.461192295E9	277.9006902618935	0.0
1.461287789E9	269.83803384367445	533258.5910655439
1.4613815225E9	279.0185627061548	0.0
1.461473124E9	281.64871426994813	0.0
1.4615641115E9	256.7427241786483	533258.5910655439
1.4616545075E9	278.11445514535404	0.0
1.461744501E9	276.91600334227536	0.0
1.461834469E9	278.4682226389026	533258.5910655439
1.461924136E9	276.7225733744917	0.0
1.462013262E9	279.1554940250656	0.0
1.4621018715E9	267.50021231422505	533258.5910655439
1.462190052E9	278.7497055359246	0.0
1.462278088E9	277.0912522920936	0.0
1.4623660525E9	277.1441628583299	533258.5910655439
1.462453646E9	277.7524428699342	0.0
1.4625403745E9	263.66240953597276	0.0
1.462626589E9	249.87642857142856	533258.5910655439
1.4627127045E9	280.30902945436986	0.0
1.4627981565E9	276.7851917650747	0.0
1.4628827705E9	276.56341207349084	533258.5910655439
1.462966956E9	276.97286213356284	0.0
1.4630510115E9	272.65615962984384	0.0
1.463134927E9	261.5887230514096	533258.5910655439
1.463218774E9	274.3053892215569	0.0
1.4633023375E9	278.45166047907236	0.0
1.46338548E9	277.37041548247396	533258.5910655439
1.463468142E9	276.5992414664981	0.0
1.4635504135E9	272.8474639022584	0.0
1.4636325945E9	277.6545943381306	533258.5910655439
1.463714703E9	276.4005145356316	0.0
1.463796391E9	194.5068493150685	0.0
1.463877603E9	273.4605051047824	533258.5910655439
1.46395871E9	293.70252606843883	0.0
1.4640394975E9	275.24618859401465	0.0
1.464119782E9	277.09655146249855	533258.5910655439
1.4641748715E9	279.7493472584856	0.0
1.4642148715E9	274.67530784186647	0.0
1.464279823E9	274.856433888692	533258.5910655439
1.464359729E9	276.62428132849567	0.0
1.4644394325E9	277.9978605049208	0.0
1.4645190265E9	276.81752004935225	533258.5910655439
1.4645981735E9	277.8963294077194	0.0
1.464676805E9	277.04378889144965	0.0
1.4647552865E9	271.089995431704	533258.5910655439
1.464833581E9	276.94006194206594	0.0
1.464911704E9	281.9632423949783	0.0
1.464989731E9	277.3261483664947	533258.5910655439
1.465067448E9	277.23731764423366	0.0
1.465144729E9	276.96686636508133	0.0
1.4652216595E9	276.5510447761194	533258.5910655439
1.4652981775E9	277.1464281387554	0.0
1.4653743825E9	172.91666666666666	0.0
1.4654503885E9	264.0156453715776	533258.5910655439
1.465526243E9	273.11919786846164	0.0
1.4656015175E9	280.87053953111644	0.0
1.4656759405E9	275.7330527581542	533258.5910655439
1.4657496E9	276.22497773515107	0.0
1.4658225005E9	279.014561872059	0.0
1.465895043E9	277.7185916244332	533258.5910655439
1.4659675185E9	276.9619553293256	0.0
1.466039805E9	277.8613212304589	0.0
1.4661117355E9	277.57300046232086	533258.5910655439
1.4661832985E9	275.3762883629873	0.0
1.466254626E9	276.43916199511284	0.0
1.4663257255E9	277.0112570356473	533258.5910655439
1.466396518E9	278.0599785790789	0.0
1.4664671285E9	276.6786050492084	0.0
1.4665376735E9	275.73817619783614	533258.5910655439
1.4666082055E9	277.02291487816154	0.0
1.466678705E9	278.7441961947984	0.0
1.466748923E9	275.9190657727532	533258.5910655439
1.466818757E9	284.01669411921824	0.0
1.4668883745E9	260.7244212098581	0.0
1.466957778E9	278.7392169873922	533258.5910655439
1.467027038E9	277.0878508297113	0.0
1.4670962625E9	276.08301334796124	0.0
1.467165214E9	276.1841236356966	533258.5910655439
1.467233775E9	276.061234785899	0.0
1.4673021245E9	286.50488350798656	0.0
1.4673703545E9	279.2426231446987	533258.5910655439
1.4674383995E9	277.2033352200984	0.0
1.4675062585E9	275.2509744478129	0.0
1.4675739715E9	276.7570912841671	533258.5910655439
1.4676414985E9	277.0477526544534	0.0
1.467708901E9	280.7392410430358	0.0
1.467776213E9	277.80235449332724	533258.5910655439
1.46784344E9	277.73409271081067	0.0
1.467910435E9	276.800980337548	0.0
1.4679771755E9	276.0607182524991	533258.5910655439
1.468043677E9	274.0283852280956	0.0
1.4681099365E9	280.2281544758854	0.0
1.4681760955E9	278.93973314229424	533258.5910655439
1.46824219E9	280.4985528600747	0.0
1.4683081735E9	276.03208173358496	0.0
1.4683740325E9	278.20080574090395	533258.5910655439
1.468439794E9	277.1291118835323	0.0
1.46850528E9	276.9290962361956	0.0
1.468570459E9	274.5612560813799	533258.5910655439
1.468635518E9	284.57246149009745	0.0
1.4687005415E9	276.5541377829581	0.0
1.4687655415E9	277.8575575575576	533258.5910655439
1.4688305115E9	274.8456604965071	0.0
1.4688954335E9	275.75949769512	0.0
1.4689603E9	276.38871229322086	533258.5910655439
1.4690251405E9	298.46368178324366	0.0
1.4690899665E9	277.4749388753056	0.0
1.469154765E9	279.03284368070956	533258.5910655439
1.4692194505E9	281.4126344086022	0.0
1.469283971E9	275.69646854914424	0.0
1.4693399695E9	277.92343206193624	533258.5910655439
1.469372153E9	314.5784475639967	0.0
1.469412738E9	278.6468423473747	0.0
1.4694770555E9	276.8494000545405	533258.5910655439
1.469541331E9	276.5284485753996	0.0
1.4696055825E9	277.85920701225774	0.0
1.46966977E9	277.13624481008765	533258.5910655439
1.4697338815E9	276.84261838440113	0.0
1.469797862E9	282.57761780977137	0.0
1.4698617325E9	276.0161145926589	533258.5910655439
1.4699255605E9	277.0307209175314	0.0
1.469989333E9	276.03210538771003	0.0
1.4700530585E9	276.4572263179858	533258.5910655439
1.4701167525E9	277.62658534895	0.0
1.470180317E9	284.2089495638984	0.0
1.470243755E9	280.06875259204645	533258.5910655439
1.470307189E9	278.8976776028227	0.0
1.470370611E9	278.06262699942687	0.0
1.4704339855E9	276.5357243121842	533258.5910655439
1.470496952E9	264.79667721518985	0.0
1.4705595045E9	272.9878587196468	0.0
1.4706219125E9	273.833315293863	533258.5910655439
1.4706842135E9	276.5083302930804	0.0
1.4707465085E9	275.54991055456173	0.0
1.47080879E9	277.1588199070705	533258.5910655439
1.4708710415E9	283.89803977884685	0.0
1.4709332695E9	277.60516488385343	0.0
1.47099544E9	278.35999434748817	533258.5910655439
1.471057448E9	277.0643062067035	0.0
1.471119294E9	278.1519304099142	0.0
1.4711810885E9	283.748647929781	533258.5910655439
1.4712428095E9	279.7403388035998	0.0
1.4713044435E9	277.3943105718047	0.0
1.47136602E9	277.7444525547445	533258.5910655439
1.4714275425E9	275.82717391304345	0.0
1.471489006E9	278.6880426059678	0.0
1.4715503865E9	277.64252336448595	533258.5910655439
1.471611813E9	278.0668975726935	0.0
1.4716731615E9	276.291192283365	0.0
1.471734327E9	280.7233900319394	533258.5910655439
1.471795384E9	275.9184630991631	0.0
1.4718563315E9	277.8422066414978	0.0
1.471917239E9	277.23097922848666	533258.5910655439
1.471978021E9	276.2064833414144	0.0
1.472038683E9	278.8726724835837	0.0
1.472099319E9	276.8503619047619	533258.5910655439
1.4721598115E9	286.72351580570546	0.0
1.4722201535E9	263.0087774294671	0.0
1.472280467E9	275.7145244860438	533258.5910655439
1.4723407465E9	278.81966159777255	0.0
1.4724009875E9	280.0866137099147	0.0
1.4724610955E9	287.5446297204512	533258.5910655439
1.4725209245E9	281.75218692449357	0.0
1.472580588E9	261.2328660436137	0.0
1.4726402365E9	277.4437331242923	533258.5910655439
1.472699851E9	279.98808025468276	0.0
1.47275942E9	276.0800791657152	0.0
1.4728189415E9	276.7100407558355	533258.5910655439
1.472878416E9	271.89985052316894	0.0
1.472937864E9	276.0888249794577	0.0
1.4729972445E9	277.924302236997	533258.5910655439
1.4730564195E9	270.51603773584907	0.0
1.4731153915E9	289.0187789914709	0.0
1.4731742925E9	254.01426024955435	533258.5910655439
1.4732331755E9	291.2719253518254	0.0
1.473292052E9	278.1116721276253	0.0
1.4733508975E9	277.81380563124435	533258.5910655439
1.4734096785E9	276.6712807358924	0.0
1.473468219E9	276.7065672805223	0.0
1.473526531E9	276.90688186236275	533258.5910655439
1.47358478E9	278.610071791647	0.0
1.473642965E9	250.9124839124839	0.0
1.473701115E9	277.85195509681307	533258.5910655439
1.473759187E9	276.5119339594425	0.0
1.4738171525E9	277.3844967219437	0.0
1.473875072E9	276.6127240408828	533258.5910655439
1.4739329595E9	285.8498006202924	0.0
1.473990813E9	277.5180523590334	0.0
1.474048623E9	278.13870405064927	533258.5910655439
1.4741063875E9	255.03396465982436	0.0
1.4741640615E9	275.99028784219	0.0
1.474221656E9	276.00847625656786	533258.5910655439
1.4742792405E9	279.31895799576216	0.0
1.474336723E9	233.39347079037802	0.0
1.4743940615E9	281.5326542840024	533258.5910655439
1.4744512915E9	277.16279069767444	0.0
1.4745084605E9	277.74376689696606	0.0
1.4745373025E9	268.8013698630137	533258.5910655439
1.4745658825E9	277.8974805237858	0.0
1.4746227515E9	264.3731343283582	0.0
1.4746798415E9	277.52284689907697	533258.5910655439
1.474736922E9	274.8175734652313	0.0
1.4747939775E9	278.64663111972857	0.0
1.474850926E9	277.38396823260194	533258.5910655439
1.4749077785E9	277.2246465637003	0.0
1.4749645815E9	259.3086841107319	0.0
1.4750213375E9	275.0536630891274	533258.5910655439
1.475078085E9	275.4429347826087	0.0
1.475134825E9	277.10936066075254	0.0
1.475191526E9	276.4944056341228	533258.5910655439
1.475248184E9	279.81053832984594	0.0
1.475304785E9	278.77482851178047	0.0
1.475361331E9	276.728541521284	533258.5910655439
1.475417846E9	276.17256611107837	0.0
1.4754743335E9	230.05102040816325	0.0
1.475530812E9	277.2084541062802	533258.5910655439
1.475587265E9	278.2793346708951	0.0
1.475643675E9	277.09769094138545	0.0
1.475700015E9	244.7256385998108	533258.5910655439
1.4757562905E9	275.3512778684067	0.0
1.475812363E9	277.84121886819383	0.0
1.475868203E9	276.19231104524454	533258.5910655439
1.475923985E9	276.1455294863665	0.0
1.475979756E9	277.25589014359406	0.0
1.4760355205E9	276.60609847538115	533258.5910655439
1.4760912475E9	275.48544943042936	0.0
1.4761469345E9	274.8618853186579	0.0
1.476202504E9	276.93185451638686	533258.5910655439
1.476257941E9	279.05218135158253	0.0
1.4763133535E9	276.11604132680804	0.0
1.476368758E9	252.0749063670412	533258.5910655439
1.476424068E9	276.55096566523605	0.0
1.4764792465E9	276.0803205481128	0.0
1.4765343335E9	274.53012929982924	533258.5910655439
1.476589309E9	276.9093387866394	0.0
1.4766441565E9	271.33393213572856	0.0
1.476698899E9	254.85455915599096	533258.5910655439
1.4767535E9	251.3502538071066	0.0
1.4768079975E9	276.0261941448382	0.0
1.476862488E9	277.25561043237155	533258.5910655439
1.4769169595E9	277.0794760860546	0.0
1.476971295E9	277.41497411389884	0.0
1.477025485E9	276.5572201414898	533258.5910655439
1.477079584E9	276.91942004739997	0.0
1.4771336005E9	255.92966636609557	0.0
1.4771875805E9	280.15424800659883	533258.5910655439
1.4772414615E9	277.6536899717514	0.0
1.477295249E9	274.2586608927382	0.0
1.4773490025E9	275.0252252252252	533258.5910655439
1.477402727E9	277.10586529165323	0.0
1.47745644E9	242.71607142857144	0.0
1.4775101175E9	276.6451236584228	533258.5910655439
1.47756376E9	277.7347445142281	0.0
1.4776173835E9	275.80528986109954	0.0
1.477670962E9	276.33896848137533	533258.5910655439
1.4777244945E9	277.69306154449237	0.0
1.477777974E9	277.5390764600771	0.0
1.477831364E9	278.64913811913596	533258.5910655439
1.477884697E9	277.60605493133585	0.0
1.4779380235E9	277.3666622985192	0.0
1.47799131E9	279.07366336633663	533258.5910655439
1.4780445285E9	277.27674384879396	0.0
1.478097698E9	274.50557939914165	0.0
1.4781508375E9	276.8723451697419	533258.5910655439
1.478203958E9	276.51010226989274	0.0
1.478257044E9	242.57355679702047	0.0
1.478310098E9	275.92600612260134	533258.5910655439
1.4783631485E9	275.4630363314507	0.0
1.478416185E9	275.8347313346068	0.0
1.478469181E9	268.5097365406644	533258.5910655439
1.478522147E9	279.4302407309787	0.0
1.478575098E9	277.58040115587283	0.0
1.4786279995E9	274.85362569724947	533258.5910655439
1.4786808495E9	282.19657072872013	0.0
1.478733679E9	275.7620045117628	0.0
1.478786488E9	276.7097545970333	533258.5910655439
1.4788392785E9	276.1177880499914	0.0
1.4788920575E9	277.53477344573236	0.0
1.4789447795E9	277.2808160952111	533258.5910655439
1.4789974325E9	271.504662004662	0.0
1.4790500305E9	277.1558736842105	0.0
1.479102591E9	282.4267940858276	533258.5910655439
1.479155139E9	276.1739589151617	0.0
1.479207655E9	277.05128205128204	0.0
1.479260108E9	218.56375838926175	533258.5910655439
1.479312504E9	277.33762587732684	0.0
1.479364824E9	277.92398633047014	0.0
1.479417039E9	276.95644846549584	533258.5910655439
1.4794692055E9	275.96611768742497	0.0
1.4795213615E9	275.6357604770303	0.0
1.4795735025E9	277.05367737075056	533258.5910655439
1.47962561E9	271.2042160737813	0.0
1.479677666E9	274.9270637201467	0.0
1.4797075285E9	270.8158863755918	533258.5910655439
1.479733538E9	275.01889994600015	0.0
1.479781665E9	276.1093909626719	0.0
1.4798335805E9	276.27268017872177	533258.5910655439
1.479885453E9	276.6274020632459	0.0
1.4799372575E9	277.28307348200775	0.0
1.479989002E9	277.9391094420601	533258.5910655439
1.4800406965E9	276.4397391377996	0.0
1.4800923275E9	268.1065943992773	0.0
1.480143924E9	278.30970117304565	533258.5910655439
1.4801955155E9	275.40526315789475	0.0
1.4802471025E9	268.2064873417722	0.0
1.480298622E9	274.5574280725727	533258.5910655439
1.480350067E9	275.5113012251796	0.0
1.4804014845E9	272.24202796499344	0.0
1.4804528755E9	276.10220472440943	533258.5910655439
1.480504211E9	275.48348042543563	0.0
1.4805554605E9	280.3321007825264	0.0
1.480606667E9	276.20986528206566	533258.5910655439
1.4806578665E9	273.7396223642642	0.0
1.480709056E9	276.45186091210905	0.0
1.4807602225E9	276.12732049036777	533258.5910655439
1.480811365E9	275.3137550674083	0.0
1.4808624975E9	277.19726197884256	0.0
1.4809136255E9	275.27754165249917	533258.5910655439
1.4809647445E9	275.69411587053906	0.0
1.4810158395E9	279.0128042135852	0.0
1.4810668995E9	274.74315481315654	533258.5910655439
1.4811179405E9	277.24555211409637	0.0
1.481168939E9	276.810589386158	0.0
1.481219894E9	277.27818244883804	533258.5910655439
1.4812708395E9	276.76707804623675	0.0
1.481321727E9	275.94454401686875	0.0
1.481372509E9	277.97069530396794	533258.5910655439
1.481423198E9	269.2958984375	0.0
1.481473832E9	275.7053803339518	0.0
1.481524431E9	253.78539269634817	533258.5910655439
1.4815750025E9	275.16107819905216	0.0
1.481625558E9	277.12711461376455	0.0
1.481676092E9	274.92013073230515	533258.5910655439
1.4817266055E9	281.7120335262423	0.0
1.481777102E9	284.0681540591157	0.0
1.481827576E9	264.8933060508623	533258.5910655439
1.4818780295E9	274.8973646468268	0.0
1.481928471E9	279.07047560851413	0.0
1.481978899E9	278.5226001243229	533258.5910655439
1.482029302E9	276.94486524572835	0.0
1.4820796615E9	274.4855842185129	0.0
1.482129963E9	277.62265308626826	533258.5910655439
1.4821802255E9	276.0193365466402	0.0
1.4822304695E9	275.7860146947048	0.0
1.4822806935E9	275.80584291980466	533258.5910655439
1.482330906E9	263.2854578096948	0.0
1.482381076E9	275.6453201970443	0.0
1.482431195E9	275.71467121147566	533258.5910655439
1.482481296E9	274.00392601640203	0.0
1.482531365E9	277.4704318936877	0.0
1.4825813975E9	261.5978260869565	533258.5910655439
1.4826314175E9	220.14716981132077	0.0
1.4826814E9	277.52504145936985	0.0
1.482731345E9	276.1241942805266	533258.5910655439
1.4827812865E9	275.61483773837404	0.0
1.482831219E9	275.9838396111786	0.0
1.482881135E9	274.6102475098098	533258.5910655439
1.4829310385E9	276.60684949655536	0.0
1.482980926E9	281.3139964264443	0.0
1.4830307785E9	276.88708452041783	533258.5910655439
1.4830805975E9	279.4763897972531	0.0
1.4831304E9	277.1168670818123	0.0
1.48318017E9	284.10005293806245	533258.5910655439
1.483229864E9	277.379675297986	0.0
1.4832795035E9	276.27250084146755	0.0
1.48332913E9	240.6829268292683	533258.5910655439
1.483378748E9	309.39663599769983	0.0
1.483428345E9	276.527330340639	0.0
1.483477903E9	277.1977920883165	533258.5910655439
1.483527426E9	277.5932367774473	0.0
1.483576923E9	284.35731414868104	0.0
1.4836263665E9	259.22809523809525	533258.5910655439
1.483675744E9	276.59087072724714	0.0
1.4837250715E9	278.28827113480577	0.0
1.483774341E9	260.74451322453575	533258.5910655439
1.4838235645E9	283.6421248835042	0.0
1.4838727505E9	275.22984199381006	0.0
1.483921889E9	278.0118290960452	533258.5910655439
1.483970915E9	274.9445853292007	0.0
1.484019848E9	276.0039825282631	0.0
1.4840687615E9	251.76510067114094	533258.5910655439
1.484117657E9	277.2724061364554	0.0
1.484166493E9	276.479525662405	0.0
1.484215264E9	276.30634328358207	533258.5910655439
1.484264022E9	276.58402149691966	0.0
1.48431274E9	275.9410603496898	0.0
1.48436142E9	280.10328847696286	533258.5910655439
1.484410068E9	278.64460958973837	0.0
1.4844586865E9	276.9276252242307	0.0
1.484507302E9	277.1727041315841	533258.5910655439
1.484555913E9	265.48248086991543	0.0
1.4846045155E9	277.6434603115031	0.0
1.484653108E9	246.60111188325226	533258.5910655439
1.484701682E9	275.43552716837917	0.0
1.484750239E9	278.21994727592266	0.0
1.4847987815E9	279.4195576251455	533258.5910655439
1.484847311E9	279.7188977997121	0.0
1.484878384E9	231.10256410256412	0.0
1.4849026435E9	208.5672268907563	533258.5910655439
1.4849443305E9	277.6576551206233	0.0
1.4849928005E9	276.3524129421442	0.0
1.485041266E9	276.4584366675852	533258.5910655439
1.4850897195E9	276.0870176197168	0.0
1.485138161E9	276.51631701631703	0.0
1.4851865935E9	277.68102893890676	533258.5910655439
1.485234967E9	274.50843200574093	0.0
1.4852832835E9	191.02666666666667	0.0
1.485331592E9	286.04046470414494	533258.5910655439
1.485379883E9	276.54445038303936	0.0
1.485428155E9	278.29081186193486	0.0
1.4854764205E9	276.5755349728521	533258.5910655439
1.485524572E9	289.6714867617108	0.0
1.4855726015E9	277.3371022613568	0.0
1.4856206075E9	277.4261703541924	533258.5910655439
1.485668588E9	271.39122807017543	0.0
1.4857165475E9	276.88343296327923	0.0
1.4857644805E9	277.7941209851322	533258.5910655439
1.485812387E9	263.95498783454985	0.0
1.485860281E9	274.97291931385007	0.0
1.4859081705E9	258.7420464316423	533258.5910655439
1.485956024E9	275.18041666666664	0.0
1.4860038335E9	277.3760485970495	0.0
1.4860516E9	276.365653918598	533258.5910655439
1.486099321E9	276.3995378521127	0.0
1.486147028E9	279.43819614235264	0.0
1.4861947055E9	276.3670476601251	533258.5910655439
1.48624234E9	278.675503288818	0.0
1.486289953E9	268.58900876601484	0.0
1.4863375515E9	274.1614713216958	533258.5910655439
1.486385137E9	274.4150622876557	0.0
1.486432712E9	276.9699497932664	0.0
1.4864802735E9	275.32260208926874	533258.5910655439
1.486527796E9	276.5332397824943	0.0
1.486575286E9	278.1383603476627	0.0
1.486622768E9	274.45838875166254	533258.5910655439
1.486670241E9	274.81767311727674	0.0
1.4867177115E9	276.2327859121488	0.0
1.4867651575E9	276.9178668063193	533258.5910655439
1.4868125545E9	276.1950898316245	0.0
1.486859921E9	273.8922167487685	0.0
1.4869072685E9	276.8946489763641	533258.5910655439
1.486954596E9	156.33333333333334	0.0
1.487001908E9	276.2986787957548	0.0
1.487049206E9	278.78862004785964	533258.5910655439
1.4870964905E9	278.8722122532684	0.0
1.487143726E9	275.75330469266356	0.0
1.4871909205E9	277.0001492871538	533258.5910655439
1.487238105E9	277.577710465845	0.0
1.487285273E9	274.431057185854	0.0
1.487332424E9	275.41354119596326	533258.5910655439
1.487379558E9	274.70533141210376	0.0
1.487426664E9	277.8244976269817	0.0
1.4874737385E9	276.62682902877344	533258.5910655439
1.487520786E9	276.92285012285015	0.0
1.487567779E9	275.70830277845675	0.0
1.487614724E9	277.35075911723277	533258.5910655439
1.487661629E9	278.41307471264366	0.0
1.4877084645E9	286.86292962356794	0.0
1.487755248E9	273.53938435785363	533258.5910655439
1.487802019E9	277.89489194499015	0.0
1.487848784E9	275.2510583833809	0.0
1.4878955195E9	275.1794828460368	533258.5910655439
1.4879422115E9	274.79004445641925	0.0
1.4879888735E9	276.6844516560084	0.0
1.488035506E9	280.56676860346585	533258.5910655439
1.4880821115E9	271.71309192200556	0.0
1.488128697E9	275.67187955318116	0.0
1.488175266E9	277.4379427462397	533258.5910655439
1.4882218265E9	274.92175864531265	0.0
1.4882683295E9	276.518889394629	0.0
1.4883147695E9	275.752598548735	533258.5910655439
1.4883611925E9	277.12440527259963	0.0
1.488407604E9	273.401144132831	0.0
1.4884540085E9	278.8962688806642	533258.5910655439
1.4885003865E9	276.5437236235156	0.0
1.488546737E9	275.75949451725063	0.0
1.4885930695E9	267.30697674418604	533258.5910655439
1.48863937E9	275.2339627881144	0.0
1.4886856445E9	282.37288959067166	0.0
1.488731908E9	277.06463213140245	533258.5910655439
1.4887781655E9	276.70348876442404	0.0
1.4888244155E9	275.59538262513684	0.0
1.4888706345E9	275.900661401143	533258.5910655439
1.488916806E9	277.2449550839734	0.0
1.4889629455E9	276.2678908188586	0.0
1.4890090725E9	275.02403587443945	533258.5910655439
1.4890551825E9	276.8839427662957	0.0
1.489101266E9	274.498286768582	0.0
1.489147334E9	278.15594606542885	533258.5910655439
1.4891933915E9	276.50528541226214	0.0
1.4892394175E9	277.3940776699029	0.0
1.489285417E9	269.0934291581109	533258.5910655439
1.489331415E9	274.2659173085993	0.0
1.4893773925E9	276.74031240612794	0.0
1.4894233285E9	276.17979401667486	533258.5910655439
1.4894692255E9	273.15152065365413	0.0
1.489515099E9	273.3539495798319	0.0
1.4895609385E9	275.8543841992703	533258.5910655439
1.489606745E9	278.9144757681343	0.0
1.4896525395E9	275.3784317598262	0.0
1.4896983265E9	276.6087642221471	533258.5910655439
1.489744104E9	275.71397929683854	0.0
1.4897898715E9	277.9290859762373	0.0
1.489835595E9	270.0517456359102	533258.5910655439
1.489881264E9	275.2841700696613	0.0
1.489926899E9	280.9509120721459	0.0
1.489972465E9	278.7307052724249	533258.5910655439
1.4900179665E9	224.71104815864024	0.0
1.4900498585E9	275.66232038318253	0.0
1.490072583E9	276.8972972972973	533258.5910655439
1.4901088415E9	276.0856016034137	0.0
1.490154196E9	274.2188637617209	0.0
1.4901995305E9	276.54286148931317	533258.5910655439
1.4902448525E9	275.5818626950933	0.0
1.490290136E9	276.42473148832187	0.0
1.4903353745E9	151.7	533258.5910655439
1.490380596E9	276.5321556496255	0.0
1.4904257875E9	298.917033773862	0.0
1.490470894E9	230.98367346938775	533258.5910655439
1.4905159235E9	272.4340659340659	0.0
1.490560935E9	258.9274399591211	0.0
1.490605935E9	277.9061143732448	533258.5910655439
1.490650917E9	276.5953857603572	0.0
1.4906958815E9	279.6853898096992	0.0
1.490740827E9	289.2518608274191	533258.5910655439
1.4907857635E9	266.36552440290757	0.0
1.490830694E9	274.677087551632	0.0
1.4908756115E9	277.7577054116156	533258.5910655439
1.490920494E9	275.9995145631068	0.0
1.4909653455E9	273.3621028307337	0.0
1.49101016E9	254.29535558780842	533258.5910655439
1.4910549175E9	277.4862749084994	0.0
1.4910996455E9	277.59747191011235	0.0
1.4911443615E9	276.4266152753829	533258.5910655439
1.491189058E9	274.06780678067804	0.0
1.4912337045E9	277.1290733197556	0.0
1.4912782855E9	273.5701352757544	533258.5910655439
1.491322818E9	290.0	0.0
1.4913672715E9	290.02746619142465	0.0
1.4914116605E9	275.5375809743544	533258.5910655439
1.491456035E9	274.1876110387303	0.0
1.491500398E9	274.2082217185246	0.0
1.4915447535E9	273.98563011927	533258.5910655439
1.4915890995E9	277.26777967661366	0.0
1.4916334215E9	276.213403169487	0.0
1.4916776985E9	276.2868802440885	533258.5910655439
1.491721914E9	277.0049172463421	0.0
1.491766067E9	276.31766556002094	0.0
1.4918101865E9	278.8091168091168	533258.5910655439
1.491854264E9	276.31277357739754	0.0
1.491898298E9	275.67309796121333	0.0
1.491942316E9	275.0931098696462	533258.5910655439
1.4919863005E9	275.4236574236574	0.0
1.4920302395E9	274.2061615618843	0.0
1.49207415E9	255.48914167528437	533258.5910655439
1.4921180345E9	275.39253777366633	0.0
1.492161899E9	275.9923421183491	0.0
1.4922056585E9	278.1980278047203	533258.5910655439
1.492249306E9	275.8223875491705	0.0
1.492292934E9	277.96080024372907	0.0
1.4923365375E9	273.97568137328716	533258.5910655439
1.4923801225E9	269.8380851812742	0.0
1.4924237025E9	276.892260262859	0.0
1.492467267E9	279.2286126571841	533258.5910655439
1.492510817E9	277.6445666716218	0.0
1.4925543325E9	276.01115760111577	0.0
1.4925978135E9	276.9477264042797	533258.5910655439
1.4926412915E9	275.61983623148404	0.0
1.4926847455E9	282.4998454404946	0.0
1.4927281115E9	277.3662854030501	533258.5910655439
1.49277138E9	275.4741666666667	0.0
1.4928146005E9	277.50048773167254	0.0
1.492857802E9	275.921410669531	533258.5910655439
1.4929009985E9	277.61534211253337	0.0
1.4929441855E9	275.89575821845176	0.0
1.4929873635E9	275.04282584884993	533258.5910655439
1.4930305305E9	276.77780781186647	0.0
1.493073666E9	276.6204774535809	0.0
1.493116759E9	275.5843550206845	533258.5910655439
1.493159827E9	272.7217741935484	0.0
1.493202872E9	270.3952049497293	0.0
1.4932458955E9	277.15542055398856	533258.5910655439
1.493288912E9	274.6586091926649	0.0
1.4933319135E9	277.40044334333027	0.0
1.4933748855E9	276.9589367865054	533258.5910655439
1.4934178335E9	276.07694015765514	0.0
1.49346076E9	276.16904192239673	0.0
1.4935036525E9	276.1277453580902	533258.5910655439
1.493546522E9	276.4228216204826	0.0
1.493589381E9	276.1242718446602	0.0
1.493632207E9	278.53302767872304	533258.5910655439
1.493674998E9	276.9361866501854	0.0
1.4937177775E9	275.7824123844334	0.0
1.493760539E9	250.90540540540542	533258.5910655439
1.493803277E9	278.8458337895544	0.0
1.4938459955E9	275.84096725796485	0.0
1.493888642E9	277.4347032943449	533258.5910655439
1.493931208E9	276.8715607353118	0.0
1.4939737295E9	275.55230088495574	0.0
1.494016196E9	277.3027976440892	533258.5910655439
1.4940586255E9	275.93344742346454	0.0
1.494101034E9	277.8241651356317	0.0
1.494143386E9	277.0674133558749	533258.5910655439
1.4941856805E9	267.14408163265307	0.0
1.4942279585E9	277.9810336652442	0.0
1.4942702145E9	277.48273555722767	533258.5910655439
1.494312442E9	275.8271186440678	0.0
1.4943546495E9	280.5706092414241	0.0
1.494396838E9	276.23500537923616	533258.5910655439
1.494439018E9	277.854110612855	0.0
1.4944811245E9	276.89357769906053	0.0
1.4945231445E9	274.0451765634247	533258.5910655439
1.494565144E9	276.17471072657145	0.0
1.4946071355E9	277.26928595077806	0.0
1.4946491245E9	277.2552700576822	533258.5910655439
1.494691102E9	278.58572459844794	0.0
1.494733054E9	275.91115068764225	0.0
1.494774986E9	265.0879572544184	533258.5910655439
1.4948169115E9	270.1464915880181	0.0
1.49485879E9	275.065834154891	0.0
1.494900609E9	275.874799871918	533258.5910655439
1.4949424005E9	208.0625	0.0
1.494984173E9	274.56205259588575	0.0
1.495025928E9	273.249863133691	533258.5910655439
1.495067659E9	278.2551191675059	0.0
1.495109348E9	276.3077010968921	0.0
1.4951509875E9	276.13393018629046	533258.5910655439
1.495192596E9	276.06188333728	0.0
1.4952231095E9	274.36632520559806	0.0
1.495243906E9	277.01321269567717	533258.5910655439
1.495275781E9	276.94113799869194	0.0
1.495317349E9	261.1052955665025	0.0
1.495358892E9	277.0471555267143	533258.5910655439
1.4954004145E9	278.2467883705206	0.0
1.495441905E9	282.7756991685563	0.0
1.4954833735E9	275.6371212974434	533258.5910655439
1.4955248E9	268.7930476960388	0.0
1.495566187E9	276.79398034398037	0.0
1.4956075395E9	275.534724055981	533258.5910655439
1.495648783E9	262.63137916490933	0.0
1.4956899355E9	277.1114146573227	0.0
1.4957310675E9	277.31977578781874	533258.5910655439
1.495772172E9	278.70287009063446	0.0
1.4958132545E9	277.56656110079723	0.0
1.495854336E9	276.7471673445671	533258.5910655439
1.4958953875E9	276.2339305711086	0.0
1.4959363985E9	277.8166863330326	0.0
1.4959773835E9	276.6894201765166	533258.5910655439
1.4960183525E9	275.13669132103735	0.0
1.4960592985E9	274.0442807957154	0.0
1.4961001845E9	275.9435215946844	533258.5910655439
1.49614101E9	277.59518816907627	0.0
1.4961817895E9	275.0854593074013	0.0
1.496222536E9	267.5075318655852	533258.5910655439
1.496263254E9	275.55399473222127	0.0
1.4963039235E9	275.10429562933786	0.0
1.4963445465E9	271.3129481231548	533258.5910655439
1.496385148E9	274.41126631554846	0.0
1.4964257025E9	274.7608058608059	0.0
1.4964662115E9	277.4393592677346	533258.5910655439
1.4965067155E9	275.34474979491387	0.0
1.496547193E9	276.5186265709156	0.0
1.4965876015E9	276.87940318599954	533258.5910655439
1.49662796E9	284.016155088853	0.0
1.496668309E9	275.06810650211406	0.0
1.4967086505E9	234.6	533258.5910655439
1.4967489645E9	274.7890404780697	0.0
1.496789165E9	275.43467741935484	0.0
1.4968292695E9	278.3087385243115	533258.5910655439
1.496869355E9	278.6881123196791	0.0
1.496909428E9	277.837556711298	0.0
1.496949494E9	276.1626858945471	533258.5910655439
1.496989531E9	277.62296147098954	0.0
1.4970295425E9	279.2704610301847	0.0
1.497069519E9	275.4186878727634	533258.5910655439
1.4971094615E9	275.8726003490401	0.0
1.4971493925E9	274.86501712139625	0.0
1.4971892835E9	273.99538172896524	533258.5910655439
1.49722914E9	275.69615042278593	0.0
1.497268974E9	276.340899122807	0.0
1.4973087875E9	277.24797522629825	533258.5910655439
1.4973485995E9	277.2257126886529	0.0
1.4973883985E9	278.0779069120836	0.0
1.497428166E9	276.3968403678378	533258.5910655439
1.4974679105E9	274.4516129032258	0.0
1.497507626E9	276.29343411552344	0.0
1.4975473125E9	266.23503844867935	533258.5910655439
1.4975869945E9	267.30080572963294	0.0
1.4976266755E9	275.4575075075075	0.0
1.4976663455E9	276.0152944539737	533258.5910655439
1.4977060025E9	277.26665839434173	0.0
1.497745653E9	279.2094114662608	0.0
1.497785297E9	265.45324675324673	533258.5910655439
1.49782493E9	276.9912270440987	0.0
1.497864541E9	277.49831231124534	0.0
1.4979041315E9	244.7	533258.5910655439
1.4979437065E9	272.8294082125604	0.0
1.4979832685E9	274.68668596237336	0.0
1.4980228115E9	275.439603960396	533258.5910655439
1.4980623115E9	276.5373335127136	0.0
1.498101774E9	278.0037861404314	0.0
1.498141222E9	273.4146925101699	533258.5910655439
1.4981806635E9	275.84767913474536	0.0
1.498220084E9	226.5909090909091	0.0
1.498259483E9	276.1128031584884	533258.5910655439
1.498298856E9	277.1017420582638	0.0
1.4983381765E9	274.3262917933131	0.0
1.4983774675E9	283.4213879800241	533258.5910655439
1.4984167335E9	276.5766007375126	0.0
1.4984559575E9	279.97322153097105	0.0
1.4984951625E9	276.1255391746604	533258.5910655439
1.498534363E9	277.0567348136555	0.0
1.4985735515E9	266.55313496280553	0.0
1.4986127065E9	274.0137589433132	533258.5910655439
1.498651814E9	264.72826855123674	0.0
1.498690893E9	276.9862613772969	0.0
1.4987299515E9	269.61204981487714	533258.5910655439
1.49876899E9	280.6593545133636	0.0
1.498808022E9	277.53777455949796	0.0
1.4988470355E9	276.99868421052633	533258.5910655439
1.4988859755E9	276.3504761904762	0.0
1.498924857E9	276.1005205320995	0.0
1.498963734E9	277.960336960337	533258.5910655439
1.499002572E9	276.62570173297536	0.0
1.499041365E9	272.655230125523	0.0
1.499080101E9	276.6007769446201	533258.5910655439
1.499118788E9	278.5082513487782	0.0
1.4991574705E9	279.02518277822907	0.0
1.499196124E9	276.8432079297139	533258.5910655439
1.4992347455E9	271.2438818565401	0.0
1.4992733535E9	277.5599714421704	0.0
1.499311954E9	274.84941967012827	533258.5910655439
1.499350539E9	275.45369301788804	0.0
1.499389088E9	277.626061663758	0.0
1.4994276105E9	275.35724533715927	533258.5910655439
1.499466114E9	276.3311416616856	0.0
1.499504591E9	274.408830548926	0.0
1.499543027E9	281.23537438171587	533258.5910655439
1.4995814235E9	279.3200331517878	0.0
1.499619808E9	276.5536761389265	0.0
1.4996581885E9	278.61012116892374	533258.5910655439
1.4996965595E9	277.3205076953828	0.0
1.4997349165E9	270.8473154362416	0.0
1.499773247E9	274.0060712200817	533258.5910655439
1.4998115515E9	277.9485224022879	0.0
1.499849847E9	274.9204558945744	0.0
1.499888138E9	277.14304411425053	533258.5910655439
1.499926422E9	281.9868846568451	0.0
1.4999646995E9	276.89267110841917	0.0
1.5000029725E9	275.74524033125584	533258.5910655439
1.500041224E9	283.6114492515216	0.0
1.50007944E9	275.8730358265242	0.0
1.500117618E9	277.03094217174646	533258.5910655439
1.500155769E9	265.3533537921964	0.0
1.500193863E9	282.9479882237488	0.0
1.500231898E9	276.2480310593455	533258.5910655439
1.500269916E9	276.317697228145	0.0
1.500307908E9	274.57291074899086	0.0
1.500345875E9	245.2295918367347	533258.5910655439
1.500383832E9	275.219546086151	0.0
1.500404725E9	281.7012195121951	0.0
1.5004237005E9	269.1739888423989	533258.5910655439
1.50045972E9	275.6730274620426	0.0
1.500497618E9	276.5926976778914	0.0
1.5005354845E9	276.24709661477635	533258.5910655439
1.5005733095E9	276.36756756756756	0.0
1.500611102E9	275.479015493234	0.0
1.5006488865E9	277.6320598006645	533258.5910655439
1.500686649E9	276.08460337521376	0.0
1.5007243605E9	263.7872611464968	0.0
1.5007620315E9	263.8	533258.5910655439
1.500799694E9	228.01374570446737	0.0
1.5008373425E9	274.67992424242425	0.0
1.500874906E9	277.64827027652433	533258.5910655439
1.5009123875E9	278.62865005350864	0.0
1.500949841E9	275.73173986896387	0.0
1.5009872685E9	275.96880667392094	533258.5910655439
1.5010246615E9	275.7133072407045	0.0
1.501061985E9	277.91248729244325	0.0
1.501099249E9	276.2804938271605	533258.5910655439
1.501136492E9	277.2163280204404	0.0
1.5011737215E9	274.7782546494993	0.0
1.501210923E9	287.12099056603773	533258.5910655439
1.50124809E9	276.75169101068525	0.0
1.501285215E9	274.41467889908256	0.0
1.501322307E9	276.7841763281947	533258.5910655439
1.501359365E9	274.7454647256439	0.0
1.5013963865E9	276.0633312222926	0.0
1.501433386E9	277.38439095550694	533258.5910655439
1.501470374E9	282.3215590742996	0.0
1.501507337E9	280.98667812634295	0.0
1.5015442575E9	273.7737210076573	533258.5910655439
1.501581157E9	276.2890781563126	0.0
1.50161803E9	276.6439266236986	0.0
1.5016548745E9	277.97604680928873	533258.5910655439
1.501691682E9	277.47667147667147	0.0
1.5017284435E9	250.14604810996565	0.0
1.5017651905E9	273.4138916500994	533258.5910655439
1.5018019355E9	275.75630458851026	0.0
1.50183864E9	277.9343942838584	0.0
1.501875296E9	275.44942571322713	533258.5910655439
1.5019119385E9	266.6110335195531	0.0
1.50194856E9	278.9227091633466	0.0
1.5019851445E9	276.3325040427914	533258.5910655439
1.5020216985E9	276.6012558869702	0.0
1.5020582315E9	277.62788414334807	0.0
1.5020947095E9	274.8058150519576	533258.5910655439
1.502131142E9	246.307929969104	0.0
1.502167522E9	292.46870932211874	0.0
1.5022038415E9	281.2104553624925	533258.5910655439
1.502240145E9	254.85170340681364	0.0
1.502276441E9	278.5274326132671	0.0
1.50231273E9	249.6834862385321	533258.5910655439
1.502348999E9	254.79886685552407	0.0
1.502385245E9	280.88767229163983	0.0
1.5024214795E9	276.6309314586995	533258.5910655439
1.5024577025E9	275.24398535564853	0.0
1.5024938985E9	279.40444572748265	0.0
1.502530033E9	272.05814252637	533258.5910655439
1.5025661175E9	275.80314743235783	0.0
1.502602189E9	274.93301831069107	0.0
1.502638249E9	276.7208880833711	533258.5910655439
1.5026742875E9	276.37775082308093	0.0
1.5027103025E9	275.711570624905	0.0
1.502746294E9	276.816338028169	533258.5910655439
1.502782259E9	275.5672492872195	0.0
1.5028181925E9	0.0	0.0
1.502854099E9	276.7263686131387	533258.5910655439
1.5028899725E9	278.1842305738954	0.0
1.502925804E9	276.52284946236557	0.0
1.502961606E9	274.1033836787261	533258.5910655439
1.5029973855E9	277.49517781796266	0.0
1.5030331325E9	278.27416823603266	0.0
1.5030688485E9	276.41964774094737	533258.5910655439
1.503104555E9	276.696981374438	0.0
1.503140255E9	276.04666586277585	0.0
1.503175928E9	280.0303433268859	533258.5910655439
1.5032115695E9	275.4787894464563	0.0
1.5032471955E9	224.5	0.0
1.5032828015E9	277.56961018297534	533258.5910655439
1.50331836E9	275.4458293384468	0.0
1.50335387E9	281.84019644881	0.0
1.5033893295E9	277.1365618753407	533258.5910655439
1.5034247285E9	277.184926378837	0.0
1.503460104E9	251.49254621347646	0.0
1.503495445E9	276.1063006632277	533258.5910655439
1.503530724E9	267.60672195547795	0.0
1.5035659405E9	277.5268084122949	0.0
1.5036011195E9	279.854637621592	533258.5910655439
1.503636254E9	218.61111111111111	0.0
1.503671334E9	273.046670739157	0.0
1.5037063995E9	277.37064055161386	533258.5910655439
1.503741444E9	275.8658462779907	0.0
1.503776449E9	263.5242902208202	0.0
1.5038114115E9	275.5292178603536	533258.5910655439
1.503846299E9	277.3747204770525	0.0
1.503881127E9	240.33901918976545	0.0
1.5039159195E9	275.37518684603884	533258.5910655439
1.5039506705E9	262.00145772594755	0.0
1.5039854075E9	275.5777286327566	0.0
1.504020135E9	255.3319587628866	533258.5910655439
1.504054837E9	273.5380728978708	0.0
1.5040894825E9	257.3123312331233	0.0
1.5041240685E9	278.5128046261875	533258.5910655439
1.5041586215E9	276.66484336151166	0.0
1.5041931505E9	274.6407913488138	0.0
1.504227663E9	277.34262125902995	533258.5910655439
1.504262158E9	275.35090229747993	0.0
1.5042966265E9	276.55621385244746	0.0
1.5043310615E9	280.23586719651325	533258.5910655439
1.504365423E9	275.19543931976295	0.0
1.504399667E9	277.5633310006998	0.0
1.504433829E9	250.4959128065395	533258.5910655439
1.504467965E9	278.23712174881086	0.0
1.504502076E9	276.23376623376623	0.0
1.504536103E9	269.0091478093404	533258.5910655439
1.504570051E9	271.4170378619154	0.0
1.5046039705E9	275.66273263731273	0.0
1.5046378695E9	274.0048139604854	533258.5910655439
1.504671739E9	274.7980623675447	0.0
1.5047055835E9	282.4688372093023	0.0
1.5047394045E9	276.4506136065769	533258.5910655439
1.504773183E9	283.5882352941176	0.0
1.504806934E9	205.40740740740742	0.0
1.5048406455E9	266.7506493506493	533258.5910655439
1.5048743225E9	274.87730112453147	0.0
1.5049079935E9	277.5880421398276	0.0
1.5049416565E9	232.60927152317882	533258.5910655439
1.504975286E9	274.1861067165252	0.0
1.505008816E9	254.17755289788408	0.0
1.5050422405E9	275.25125899280573	533258.5910655439
1.5050756215E9	258.3237774030354	0.0
1.505108884E9	275.53620053441915	0.0
1.5051420155E9	275.85222761358625	533258.5910655439
1.5051750625E9	277.78514624612484	0.0
1.5052080455E9	251.95945945945945	0.0
1.5052410265E9	274.44955044955043	533258.5910655439
1.5052739805E9	277.6466065747614	0.0
1.5053068895E9	277.2528449967299	0.0
1.505339751E9	277.84491660047655	533258.5910655439
1.505372562E9	275.23883270122207	0.0
1.5054053465E9	275.6489345624906	0.0
1.5054381255E9	282.57483883964545	533258.5910655439
1.5054708915E9	275.11535907409166	0.0
1.505503631E9	276.332323996972	0.0
1.5055363455E9	275.88079207920794	533258.5910655439
1.505566577E9	273.6634510869565	0.0
1.5055829115E9	296.4190525767829	0.0
1.505601684E9	275.0547840245187	533258.5910655439
1.5056343185E9	237.8	0.0
1.5056669395E9	280.5844155844156	0.0
1.5056995295E9	281.6167741935484	533258.5910655439
1.505732098E9	276.22936833470055	0.0
1.5057646435E9	278.0064935064935	0.0
1.505797145E9	276.70380391532706	533258.5910655439
1.505829621E9	275.1812631177256	0.0
1.5058620535E9	277.2785714285714	0.0
1.505894386E9	277.5222821085842	533258.5910655439
1.5059266525E9	275.4106077048291	0.0
1.505958904E9	275.3107249383997	0.0
1.5059911385E9	171.88888888888889	533258.5910655439
1.5060233395E9	277.6295664049164	0.0
1.5060555175E9	279.7911958047123	0.0
1.5060876535E9	277.78562951774734	533258.5910655439
1.506119743E9	274.31374778872885	0.0
1.506151819E9	275.9164779418426	0.0
1.506183868E9	275.1814488828707	533258.5910655439
1.5062158925E9	261.18741058655223	0.0
1.506247826E9	275.58711298983206	0.0
1.506279664E9	250.37383177570092	533258.5910655439
1.5063114845E9	276.7180521926285	0.0
1.506343278E9	264.99225352112677	0.0
1.5063750415E9	199.1904761904762	533258.5910655439
1.506406781E9	278.52767007402184	0.0
1.5064384905E9	274.331953213953	0.0
1.506470146E9	276.0726457399103	533258.5910655439
1.506501692E9	277.5908049076446	0.0
1.506533151E9	276.8221453287197	0.0
1.5065645925E9	274.55144492531065	533258.5910655439
1.506596023E9	276.0417947141979	0.0
1.506627442E9	274.5996068152031	0.0
1.506658755E9	277.4729020979021	533258.5910655439
1.5066899055E9	266.338905775076	0.0
1.506720874E9	251.58578680203047	0.0
1.506751704E9	275.65896719140795	533258.5910655439
1.506782515E9	270.1198536139067	0.0
1.5068133055E9	275.7216127653512	0.0
1.506844035E9	280.1374190064795	533258.5910655439
1.50687466E9	185.6551724137931	0.0
1.5069052145E9	282.98380050964687	0.0
1.5069357535E9	277.8840040097379	533258.5910655439
1.5069662725E9	275.9326352530541	0.0
1.506996753E9	252.823613086771	0.0
1.5070271395E9	264.0923076923077	533258.5910655439
1.5070574245E9	276.2991578176492	0.0
1.507087648E9	278.58583391486394	0.0
1.5071177755E9	273.1861203507711	533258.5910655439
1.507147721E9	273.29896907216494	0.0
1.5071775345E9	272.67294520547944	0.0
1.5072073085E9	277.74491267425094	533258.5910655439
1.507237035E9	271.04461152882203	0.0
1.5072667225E9	277.3371374227294	0.0
1.5072963735E9	274.47067055393586	533258.5910655439
1.5073259925E9	279.62068485523383	0.0
1.507355585E9	274.8788598574822	0.0
1.5073851135E9	273.4113682976853	533258.5910655439
1.50741454E9	273.3925053119567	0.0
1.507443907E9	274.1044546850998	0.0
1.5074732345E9	258.14686825053997	533258.5910655439
1.5075025255E9	275.3656409617541	0.0
1.5075318105E9	239.88888888888889	0.0
1.507561084E9	276.13363243070023	533258.5910655439
1.507590314E9	280.8506976744186	0.0
1.5076195035E9	280.489804964539	0.0
1.507648598E9	278.6275152082358	533258.5910655439
1.5076775175E9	266.8171875	0.0
1.507706322E9	277.9339127828563	0.0
1.5077350905E9	277.1624248033318	533258.5910655439
1.507763837E9	277.5090011315708	0.0
1.5077925115E9	282.88555078683834	0.0
1.50782111E9	277.0474871388999	533258.5910655439
1.5078496685E9	263.68471337579615	0.0
1.5078781985E9	275.28205128205127	0.0
1.507906689E9	249.62923728813558	533258.5910655439
1.5079351245E9	271.214124518784	0.0
1.5079634975E9	267.4435975609756	0.0
1.5079918035E9	275.98358920063527	533258.5910655439
1.5080200785E9	260.41580756013747	0.0
1.508048329E9	276.05268065268064	0.0
1.508076506E9	182.88	533258.5910655439
1.508104629E9	276.0204772284043	0.0
1.508132657E9	275.66571326421166	0.0
1.508160574E9	260.2232346241458	533258.5910655439
1.5081884185E9	252.15486725663717	0.0
1.50821617E9	282.06600441501104	0.0
1.5082438665E9	260.94162436548226	533258.5910655439
1.508271512E9	277.80821085873924	0.0
1.5082991E9	276.2758741873133	0.0
1.5083265915E9	277.8533510285335	533258.5910655439
1.508354007E9	276.6740558292282	0.0
1.5083813975E9	292.511673151751	0.0
1.508408744E9	275.50265877395407	533258.5910655439
1.5084360505E9	237.77777777777777	0.0
1.508463327E9	276.3466028135289	0.0
1.5084905655E9	270.2334034244518	533258.5910655439
1.50851775E9	230.33976833976834	0.0
1.5085448665E9	275.5769416304872	0.0
1.5085718775E9	258.64268585131896	533258.5910655439
1.508598808E9	273.07014868471214	0.0
1.5086257175E9	277.42621259029926	0.0
1.5086525355E9	265.56581532416504	533258.5910655439
1.508679233E9	276.3738897806314	0.0
1.5087058445E9	279.2635504724018	0.0
1.508732393E9	277.5645933014354	533258.5910655439
1.508758876E9	277.56028368794324	0.0
1.5087851315E9	276.08405945668886	0.0
1.5088111715E9	275.71275012402845	533258.5910655439
1.5088371435E9	277.8967836871978	0.0
1.5088630485E9	272.6196705426357	0.0
1.5088889005E9	279.2147651006711	533258.5910655439
1.508914519E9	282.87694704049846	0.0
1.5089397605E9	262.3480825958702	0.0
1.508964792E9	270.14497272018707	533258.5910655439
1.5089897535E9	275.5824198988196	0.0
1.5090146965E9	278.9740467798782	0.0
1.5090395665E9	265.6762402088773	533258.5910655439
1.5090643255E9	0.0	0.0
1.509089005E9	275.11963061424376	0.0
1.5091136205E9	259.98333333333335	533258.5910655439
1.509138154E9	276.36723989681855	0.0
1.509162569E9	274.1077089825227	0.0
1.5091868865E9	280.6780128794848	533258.5910655439
1.509211163E9	274.92760180995475	0.0
1.509235372E9	278.06920799407845	0.0
1.50925949E9	278.54459753444524	533258.5910655439
1.509283547E9	275.5156872113394	0.0
1.509307566E9	257.0590551181102	0.0
1.5093315725E9	233.5	533258.5910655439
1.509355526E9	270.3006833712984	0.0
1.5093793655E9	249.22018348623854	0.0
1.509403033E9	267.64074803149606	533258.5910655439
1.509426582E9	266.2164468580295	0.0
1.509450097E9	267.09819639278555	0.0
1.509473389E9	271.7188577055638	533258.5910655439
1.50949646E9	277.6530493707648	0.0
1.5095194575E9	279.30751708428244	0.0
1.509542382E9	273.6788079470199	533258.5910655439
1.5095652555E9	272.51065088757395	0.0
1.5095880415E9	274.61318572372767	0.0
1.509610702E9	276.89510985116937	533258.5910655439
1.509633261E9	263.36	0.0
1.5096556815E9	280.7491134751773	0.0
1.5096777265E9	263.8392511297611	533258.5910655439
1.5096994395E9	275.040395713108	0.0
1.5097210525E9	278.8258781146803	0.0
1.5097426285E9	275.40430874966955	533258.5910655439
1.5097642005E9	266.95246800731263	0.0
1.509785745E9	262.7141403865717	0.0
1.509807233E9	213.59016393442624	533258.5910655439
1.5098286475E9	258.0129509713228	0.0
1.5098498425E9	271.985807860262	0.0
1.5098707615E9	279.0513307984791	533258.5910655439
1.5098914185E9	278.2265258215962	0.0
1.509911901E9	275.1144781144781	0.0
1.509932343E9	276.5669977701196	533258.5910655439
1.5099521495E9	276.7207927993454	0.0
1.509971254E9	260.0833333333333	0.0
1.509990083E9	255.19601328903656	533258.5910655439
1.5100085245E9	251.00974025974025	0.0
1.5100265955E9	265.7329286798179	0.0
1.5100444465E9	267.6305309734513	533258.5910655439
1.5100622275E9	266.0481072555205	0.0
1.510079773E9	273.52925292529255	0.0
1.5100969345E9	117.6470588235294	533258.5910655439
1.51011384E9	257.38658777120315	0.0
1.510130501E9	274.5641279261457	0.0
1.5101463325E9	240.21428571428572	533258.5910655439
1.5101613985E9	267.1305309734513	0.0
1.5101762635E9	281.5028571428571	0.0
1.5101909225E9	268.145641025641	533258.5910655439
1.5102053285E9	240.5483870967742	0.0
1.5102194025E9	236.6390041493776	0.0
1.510233273E9	215.3875	533258.5910655439
1.5102466855E9	268.8109640831758	0.0
1.510259005E9	258.62521122000675	0.0
1.510270233E9	267.08245877061466	533258.5910655439
1.510279609E9	0.0	0.0
1.5102840825E9	0.0	0.0
1.5105194275E9	11872.011277909014	533258.5910655439
1.5133411805E9	20853.404848378585	0.0
1.5185149965E9	53339.59787705759	0.0
1.5236888125E9	41006.95783113134	533258.5910655439
1.5288626285E9	51263.76801986247	0.0
1.5340364445E9	36189.1693836907	0.0
1.5392102605E9	47533.83223400866	533258.5910655439
1.5443840765E9	43834.209352847014	0.0
1.5495578925E9	30023.174465985103	0.0
1.5547317085E9	40777.563790685905	533258.5910655439
1.5599055245E9	34589.77909872061	0.0
1.5650793405E9	36285.04244831449	0.0
1.5702531565E9	38659.62457010829	533258.5910655439
1.5754269725E9	49140.12359108781	0.0
1.5806007885E9	22774.398403796375	0.0
1.5857746045E9	44545.20057087099	533258.5910655439
1.5909484205E9	41832.53610764951	0.0
1.5961222365E9	28889.343307290084	0.0
1.6012960525E9	21061.442153039035	533258.5910655439
1.6064698685E9	24366.341833753413	0.0
1.6116436845E9	20584.498945496845	0.0
1.6168175005E9	23594.177611117393	533258.5910655439
1.6219913165E9	22854.868336619766	0.0
1.6271651325E9	31278.709490180903	0.0
1.6323389485E9	19645.227285808018	533258.5910655439
1.6375127645E9	23418.191852628424	0.0
1.6426865805E9	13075.916872294372	0.0
1.6478603965E9	15862.5942294937	533258.5910655439
1.6530342125E9	12235.57445015519	0.0
1.6582080285E9	6992.25329135025	0.0
1.6633818445E9	5620.374871129735	533258.5910655439
1.6685556605E9	3636.671767681632	0.0
1.6737294765E9	3006.554836622452	0.0
1.6789032925E9	3922.5436255853765	533258.5910655439
1.6840771085E9	6282.57490453552	0.0
1.6892509245E9	704.217638705449	0.0
1.6944247405E9	1751.4049539581697	533258.5910655439
1.6995985565E9	1610.6451984269518	0.0
1.7047723725E9	2268.851263306683	0.0
1.7099461885E9	1155.4183052077663	533258.5910655439
1.7151200045E9	1099.0666982687108	0.0
1.7202938205E9	738.6600753379126	0.0
1.7254676365E9	534.0703275023018	533258.5910655439
1.7306414525E9	313.673186701464	0.0
1.7351936765E9	265.49275874853834	0.0
1.7377805845E9	36794.42854807063	533258.5910655439
1.7409890845E9	37922.53735708775	0.0
1.7461629005E9	42636.79984085139	0.0
1.7513367165E9	53638.426213950544	533258.5910655439
1.7565105325E9	52316.99749292511	0.0
1.7616843485E9	49738.165247548866	0.0
1.7668581645E9	32724.44612734224	533258.5910655439
1.7720319805E9	35653.932515688284	0.0
1.7772057965E9	25241.282170144932	0.0
1.7823796125E9	58739.306460332475	533258.5910655439
1.7875534285E9	41896.1981043058	0.0
1.7927272445E9	38750.19391801527	0.0
1.7979010605E9	34375.664336489215	533258.5910655439
1.8030748765E9	35332.53112860893	0.0
1.8082486925E9	53641.831000634986	0.0
1.8134225085E9	42710.80062790088	533258.5910655439
1.8185963245E9	33893.14028322165	0.0
1.8237701405E9	31973.04651857824	0.0
1.8289439565E9	34547.2186478193	533258.5910655439
1.8341177725E9	29033.35600572048	0.0
1.8392915885E9	33016.25660740886	0.0
1.8444654045E9	45028.28555421837	533258.5910655439
1.8496392205E9	18891.29206235012	0.0
1.8548130365E9	9229.99213785426	0.0
1.8599868525E9	26825.667388690934	533258.5910655439
1.8651606685E9	29336.73320192956	0.0
1.8703344845E9	19373.356473444055	0.0
1.8755083005E9	18212.137793984446	533258.5910655439
1.8806821165E9	29083.51292459441	0.0
1.8858559325E9	22373.56573851031	0.0
1.8910297485E9	20815.127067749807	533258.5910655439
1.8962035645E9	14197.640610728746	0.0
1.9013773805E9	8735.16528594669	0.0
1.9065511965E9	8083.487618195043	533258.5910655439
1.9117250125E9	16408.505664911878	0.0
1.9168988285E9	10921.265563593968	0.0
1.9220726445E9	11410.534408870582	533258.5910655439
1.9272464605E9	7994.422973221398	0.0
1.9324202765E9	4234.905938235995	0.0
1.9375940925E9	1140.2010085569202	533258.5910655439
1.9427679085E9	8867.761358085003	0.0
1.9479417245E9	7018.946791215701	0.0
1.9531155405E9	4693.719250213565	533258.5910655439
1.9582893565E9	2782.874017211576	0.0
1.9634631725E9	1242.1907054234998	0.0
1.9686369885E9	1218.2832513748654	533258.5910655439
1.9738108045E9	1492.4866482145642	0.0
1.9789846205E9	1278.1448725911705	0.0
1.9841584365E9	635.0259456520645	533258.5910655439
1.9893322525E9	396.13557038063334	0.0
1.9945060685E9	468.9285745608265	0.0
1.9996798845E9	417.62387512388506	533258.5910655439
2.0048537005E9	290.3919348398946	0.0
2.0087998005E9	266.22251969114967	0.0
2.0113867085E9	282.43060682153947	533258.5910655439
2.012707285E9	278.8920964207451	0.0
2.0133237175E9	260.3294349939247	0.0
2.0142256065E9	261.12258121197476	533258.5910655439
2.014882626E9	264.7754986293601	0.0
2.0154317445E9	234.25441350558444	0.0
2.0159671605E9	251.81855868222374	533258.5910655439
2.0164471485E9	244.89295774647888	0.0
2.016867562E9	224.39597315436242	0.0
2.0172763385E9	194.99019607843138	533258.5910655439
2.017633965E9	171.8403361344538	0.0
2.0178137045E9	202.93617021276594	0.0
2.018017881E9	212.2032967032967	533258.5910655439
2.018372564E9	230.963436928702	0.0
2.0187244125E9	220.1259259259259	0.0
2.019068249E9	221.31	533258.5910655439
2.0194017395E9	264.0848719937936	0.0
2.0197293045E9	191.12980769230768	0.0
2.0200521545E9	256.0810810810811	533258.5910655439
2.0203676775E9	159.57471264367817	0.0
2.0206731925E9	267.7688315539739	0.0
2.020965542E9	268.17957484762894	533258.5910655439
2.021247741E9	272.58667282596144	0.0
2.021528993E9	265.3063800750597	0.0
2.0218100865E9	197.69753086419752	533258.5910655439
2.022087393E9	268.8668897564603	0.0
2.0223603915E9	276.4738268676944	0.0
2.022632681E9	266.74485675831573	533258.5910655439
2.0228654175E9	265.3831168831169	0.0
2.0229999175E9	271.9375	0.0
2.0231705325E9	256.218640504555	533258.5910655439
2.0234354265E9	209.71830985915494	0.0
2.0236989015E9	240.36243386243387	0.0
2.023956802E9	179.89655172413794	533258.5910655439
2.0242093675E9	267.4017786561265	0.0
2.024458086E9	257.6638888888889	0.0
2.0247029895E9	276.85451089340546	533258.5910655439
2.024945864E9	245.3697234352256	0.0
2.0251865415E9	272.35634095634094	0.0
2.0254252815E9	257.95247077741357	533258.5910655439
2.025662492E9	275.27337550316275	0.0
2.0258991385E9	224.48815165876778	0.0
2.0261344615E9	195.04347826086956	533258.5910655439
2.026367172E9	218.24183976261128	0.0
2.0265980485E9	249.7334123222749	0.0
2.0268285295E9	265.9451929664307	533258.5910655439
2.0270544955E9	277.31577491433467	0.0
2.027275914E9	276.46710614825776	0.0
2.0274943025E9	243.81208053691276	533258.5910655439
2.0277095315E9	197.15827338129498	0.0
2.027923316E9	190.20634920634922	0.0
2.02808275E9	268.65980265980266	533258.5910655439
2.028188811E9	271.0651121865376	0.0
2.0283471585E9	186.16	0.0
2.0285549325E9	193.57746478873239	533258.5910655439
2.028757275E9	197.71270718232043	0.0
2.028956563E9	261.8178613396005	0.0
2.029154291E9	255.35555555555555	533258.5910655439
2.0293509875E9	213.76582278481013	0.0
2.0295467625E9	180.84803921568627	0.0
2.02973806E9	269.2161753590325	533258.5910655439
2.029924572E9	166.92	0.0
2.0301099805E9	271.0120923202139	0.0
2.0302952755E9	130.4390243902439	533258.5910655439
2.030479792E9	255.3744822825587	0.0
2.030663529E9	237.26041666666666	0.0
2.030846841E9	174.140350877193	533258.5910655439
2.031029411E9	250.47553007889547	0.0
2.031211115E9	193.289156626506	0.0
2.0313922435E9	258.46016508018874	533258.5910655439
2.031572786E9	155.76119402985074	0.0
2.0317516215E9	193.05882352941177	0.0
2.031928838E9	150.6875	533258.5910655439
2.0321052615E9	194.3053435114504	0.0
2.032281231E9	153.11111111111111	0.0
2.032455646E9	174.0	533258.5910655439
2.032628276E9	229.22442244224422	0.0
2.032800128E9	267.7880839539607	0.0
2.032971301E9	147.0	533258.5910655439
2.033142066E9	265.8937363664693	0.0
2.033268507E9	269.42583192329386	0.0
2.0333531555E9	261.04954954954957	533258.5910655439
2.0334809135E9	249.32602118003027	0.0
2.0336480925E9	200.63720930232557	0.0
2.0338128535E9	175.96296296296296	533258.5910655439
2.0339761425E9	270.7664233576642	0.0
2.0341380805E9	183.73333333333332	0.0
2.034298919E9	206.87179487179486	533258.5910655439
2.0344586595E9	237.54683544303796	0.0
2.0346173075E9	277.5292230531143	0.0
2.0347746535E9	175.52083333333334	533258.5910655439
2.034930657E9	252.17979452054794	0.0
2.035085928E9	278.39878479581745	0.0
2.0352402435E9	190.1	533258.5910655439
2.035392005E9	276.2714160029635	0.0
2.035541193E9	262.384074941452	0.0
2.035689646E9	188.27272727272728	533258.5910655439
2.0358375185E9	161.57894736842104	0.0
2.0359837345E9	202.0983606557377	0.0
2.036128546E9	206.05376344086022	533258.5910655439
2.0362729875E9	277.4865595716198	0.0
2.036416787E9	196.5185185185185	0.0
2.0365600645E9	277.14365656059465	533258.5910655439
2.036702872E9	199.90322580645162	0.0
2.036845241E9	187.78333333333333	0.0
2.0369851555E9	244.8257756563246	533258.5910655439
2.037122733E9	216.9090909090909	0.0
2.037259843E9	226.05882352941177	0.0
2.037396497E9	246.17082533589252	533258.5910655439
2.0375330955E9	231.27925531914894	0.0
2.0376694145E9	266.2128962536023	0.0
2.0378054315E9	189.8918918918919	533258.5910655439
2.0379412555E9	278.2606218460036	0.0
2.038076349E9	268.57907890039274	0.0
2.0382095985E9	276.2598560754743	533258.5910655439
2.0383415415E9	254.59313077939234	0.0
2.0384454925E9	276.59188729238923	0.0
2.0385109815E9	278.5753311617807	533258.5910655439
2.038603618E9	220.6	0.0
2.038733643E9	281.0914795759277	0.0
2.0388626705E9	195.48	533258.5910655439
2.0389910665E9	177.36666666666667	0.0
2.0391193005E9	254.580444246719	0.0
2.0392473005E9	161.33333333333334	533258.5910655439
2.039374642E9	201.8181818181818	0.0
2.039501276E9	235.7277777777778	0.0
2.0396271785E9	194.16949152542372	533258.5910655439
2.03975221E9	264.5940319222762	0.0
2.03987604E9	170.35135135135135	0.0
2.0399980765E9	266.79459459459457	533258.5910655439
2.040119332E9	273.5557748891951	0.0
2.040240472E9	221.86	0.0
2.040361422E9	269.98339032730826	533258.5910655439
2.0404819095E9	248.30327868852459	0.0
2.0406018455E9	162.3272727272727	0.0
2.0407201845E9	274.106541782526	533258.5910655439
2.0408360875E9	277.06738323660625	0.0
2.0409509815E9	183.38636363636363	0.0
2.0410657485E9	151.62962962962962	533258.5910655439
2.041180315E9	276.691411254558	0.0
2.041294281E9	277.1147960949941	0.0
2.041407048E9	213.66666666666666	533258.5910655439
2.0415190925E9	0.0	0.0
2.0416304535E9	199.4	0.0
2.041741021E9	277.17663563741996	533258.5910655439
2.0418509485E9	276.4686598766108	0.0
2.0419598345E9	276.1595365418895	0.0
2.0420677755E9	270.4048723897912	533258.5910655439
2.042174546E9	277.1341659755086	0.0
2.042280328E9	276.6912530244153	0.0
2.0423856265E9	184.68840579710144	533258.5910655439
2.042489892E9	277.07591938871263	0.0
2.0425932815E9	133.26666666666668	0.0
2.0426964155E9	275.44283246977545	533258.5910655439
2.0427989735E9	275.87094969462447	0.0
2.042900635E9	276.30208246909484	0.0
2.0430013815E9	152.0909090909091	533258.5910655439
2.043100833E9	184.5	0.0
2.0431992955E9	281.6646072658236	0.0
2.0432976E9	294.57989328840216	533258.5910655439
2.04339588E9	179.09677419354838	0.0
2.043493869E9	276.62897255326834	0.0
2.0435915755E9	177.49107142857142	533258.5910655439
2.043648872E9	275.8932492408316	0.0
2.0436976845E9	281.44809495140623	0.0
2.0437868355E9	276.3445361919938	533258.5910655439
2.0438843855E9	276.11818292238553	0.0
2.043981707E9	226.14285714285714	0.0
2.044078815E9	277.55811507310403	533258.5910655439
2.0441757205E9	212.54019292604502	0.0
2.044272411E9	159.83333333333334	0.0
2.0443688475E9	241.0328530259366	533258.5910655439
2.0444648435E9	169.35714285714286	0.0
2.0445596995E9	277.74261603375527	0.0
2.0446531425E9	273.94871794871796	533258.5910655439
2.0447458375E9	268.1904161412358	0.0
2.0448380625E9	276.88063008621384	0.0
2.0449295735E9	232.0	533258.5910655439
2.0450204935E9	211.53846153846155	0.0
2.045110887E9	276.2322943055403	0.0
2.045200554E9	276.4022548161121	533258.5910655439
2.0452891795E9	275.04656618380153	0.0
2.045376969E9	272.15049288061334	0.0
2.0454646615E9	194.3939393939394	533258.5910655439
2.0455520825E9	280.5994500864783	0.0
2.045639142E9	274.8534322820037	0.0
2.045726059E9	188.28571428571428	533258.5910655439
2.045812597E9	275.5276802691239	0.0
2.045898772E9	220.6139705882353	0.0
2.045984586E9	277.09298493408664	533258.5910655439
2.0460697495E9	266.3	0.0
2.0461545695E9	277.20560339175665	0.0
2.046239208E9	266.1342207432058	533258.5910655439
2.0463236285E9	277.6787849049871	0.0
2.046407633E9	248.70080226521944	0.0
2.0464910975E9	277.39420114158713	533258.5910655439
2.0465742655E9	214.8235294117647	0.0
2.046657312E9	275.3618067776725	0.0
2.046739974E9	276.8934522873762	533258.5910655439
2.0468221865E9	276.3546468792759	0.0
2.0469043015E9	279.96470902295783	0.0
2.046985793E9	277.3840143333499	533258.5910655439
2.0470664825E9	275.2965599051008	0.0
2.04714687E9	262.68331143232587	0.0
2.04722706E9	185.27272727272728	533258.5910655439
2.0473069205E9	277.03737514767477	0.0
2.0473860855E9	276.45394345869767	0.0
2.047464717E9	277.0620650313748	533258.5910655439
2.047542979E9	277.2032273719971	0.0
2.0476208505E9	275.64021164021165	0.0
2.0476985055E9	165.66666666666666	533258.5910655439
2.0477760255E9	178.51136363636363	0.0
2.0478535E9	276.4054180562869	0.0
2.04793091E9	268.57625	533258.5910655439
2.0480081665E9	276.6083171499364	0.0
2.0480853045E9	157.0909090909091	0.0
2.048162422E9	275.32587777664037	533258.5910655439
2.048239398E9	267.3258785942492	0.0
2.0483161975E9	267.33478497550357	0.0
2.0483927155E9	277.0120153387303	533258.5910655439
2.048468855E9	278.7495167080917	0.0
2.0485448455E9	278.1566141777045	0.0
2.0486206495E9	221.62237762237763	533258.5910655439
2.048696086E9	178.89655172413794	0.0
2.0487710125E9	277.142272120738	0.0
2.0488197255E9	193.47368421052633	533258.5910655439
2.0488570075E9	180.03030303030303	0.0
2.0489199395E9	275.1237785016287	0.0
2.0489939725E9	275.7841461045269	533258.5910655439
2.0490679045E9	276.79436684222577	0.0
2.0491416005E9	183.25819672131146	0.0
2.049214953E9	164.05555555555554	533258.5910655439
2.0492880915E9	220.64285714285714	0.0
2.0493611205E9	275.70975323149236	0.0
2.0494340255E9	275.57045681477786	533258.5910655439
2.049506678E9	280.2800938458762	0.0
2.049578997E9	275.53579980842915	0.0
2.049651126E9	268.31875463306153	533258.5910655439
2.049723233E9	263.93239625167337	0.0
2.04979512E9	296.6235500658349	0.0
2.0498666485E9	275.9122647410019	533258.5910655439
2.0499378035E9	274.4690373324471	0.0
2.050008669E9	277.41181193235985	0.0
2.0500794E9	273.89012193451157	533258.5910655439
2.0501499975E9	273.90412737460707	0.0
2.050220518E9	278.0165289256198	0.0
2.05029082E9	275.4561566298599	533258.5910655439
2.050360717E9	283.46829993337093	0.0
2.0504299665E9	133.0	0.0
2.0504987035E9	277.33414148949396	533258.5910655439
2.0505672185E9	276.45274084866145	0.0
2.050635448E9	277.04910507279976	0.0
2.0507034935E9	275.6216925734024	533258.5910655439
2.050771266E9	272.5147058823529	0.0
2.0508387725E9	274.8007557354926	0.0
2.0509061565E9	248.04901960784315	533258.5910655439
2.050973417E9	276.7529814618019	0.0
2.051040481E9	278.2248188037662	0.0
2.0511073505E9	276.3437460236671	533258.5910655439
2.0511740955E9	275.9235788074669	0.0
2.0512407225E9	272.3752446183953	0.0
2.051307197E9	279.06237322515216	533258.5910655439
2.0513735395E9	274.20741544092726	0.0
2.0514398445E9	268.79862972892465	0.0
2.051506139E9	276.6267803908579	533258.5910655439
2.0515723595E9	265.78349022447503	0.0
2.0516384915E9	275.0807230679157	0.0
2.0517045665E9	277.1098936513052	533258.5910655439
2.0517705855E9	162.4	0.0
2.0518365355E9	275.9143430161092	0.0
2.051902365E9	150.83333333333334	533258.5910655439
2.0519680565E9	266.3661567877629	0.0
2.052033518E9	252.5	0.0
2.052098713E9	271.7891745602165	533258.5910655439
2.0521637385E9	275.3183841487434	0.0
2.052228643E9	277.33717788176364	0.0
2.0522934775E9	276.4121269790923	533258.5910655439
2.052358276E9	275.86293055883976	0.0
2.0524229615E9	276.37759365994236	0.0
2.052487482E9	276.58599128846424	533258.5910655439
2.052551882E9	277.397766711936	0.0
2.0526161995E9	276.9663750683434	0.0
2.052680475E9	276.84343294595095	533258.5910655439
2.0527447265E9	276.5153443361835	0.0
2.052808914E9	277.0851336400163	0.0
2.0528730515E9	279.9333195278526	533258.5910655439
2.052936994E9	275.9480347988193	0.0
2.053000715E9	180.16	0.0
2.0530644045E9	275.8715404347239	533258.5910655439
2.053128084E9	270.23016211604096	0.0
2.0531916775E9	276.7297583081571	0.0
2.0532551615E9	277.33400416876304	533258.5910655439
2.053318587E9	276.99104996675703	0.0
2.0533819555E9	276.8108787179139	0.0
2.053445288E9	276.59885347710366	533258.5910655439
2.0535085465E9	276.75295599244384	0.0
2.053571685E9	276.97309552599756	0.0
2.0536343475E9	275.8551937628984	533258.5910655439
2.053696563E9	231.33333333333334	0.0
2.053758747E9	273.718164740707	0.0
2.053820909E9	275.88180645161293	533258.5910655439
2.053883043E9	276.12293475217024	0.0
2.0539451025E9	277.4701324788369	0.0
2.0539905275E9	273.9199235968263	533258.5910655439
2.0540215E9	277.40109842958896	0.0
2.0540690195E9	275.56245398773007	0.0
2.0541309245E9	278.5047434560175	533258.5910655439
2.0541927765E9	270.0818604651163	0.0
2.054254593E9	271.18568340139325	0.0
2.0543163305E9	277.9555914129367	533258.5910655439
2.054377981E9	183.26315789473685	0.0
2.0544395975E9	272.26186440677964	0.0
2.054501172E9	277.4855588112181	533258.5910655439
2.054562708E9	276.25401509951956	0.0
2.0546242315E9	272.7771109101373	0.0
2.0546856965E9	276.76181674148404	533258.5910655439
2.0547470465E9	276.7054974586668	0.0
2.054808291E9	272.83220745260405	0.0
2.0548694895E9	276.55294797918367	533258.5910655439
2.054930601E9	275.2327540810953	0.0
2.0549916175E9	200.27586206896552	0.0
2.0550526065E9	278.70604673286164	533258.5910655439
2.0551135575E9	276.1641376114908	0.0
2.055174465E9	185.14285714285714	0.0
2.0552353545E9	97.0	533258.5910655439
2.055296134E9	275.23589671625035	0.0
2.0553566525E9	283.2666015625	0.0
2.055417009E9	180.07142857142858	533258.5910655439
2.0554771825E9	155.14285714285714	0.0
2.0555371745E9	287.69415863242324	0.0
2.055597057E9	274.44613138686134	533258.5910655439
2.055656832E9	275.5756772673734	0.0
2.055716482E9	278.87738235790187	0.0
2.0557759925E9	276.6898884490824	533258.5910655439
2.055835433E9	227.0731707317073	0.0
2.055894771E9	267.52010050251255	0.0
2.0559540215E9	278.03058768273354	533258.5910655439
2.0560130765E9	201.22857142857143	0.0
2.0560719645E9	287.0240075240075	0.0
2.056130841E9	274.90658667972576	533258.5910655439
2.0561896915E9	278.1013197105151	0.0
2.056248521E9	277.59958962333286	0.0
2.056307024E9	275.7080681336	533258.5910655439
2.0563651135E9	278.3771661569827	0.0
2.056423004E9	276.9796468643994	0.0
2.056480485E9	276.7399440106085	533258.5910655439
2.056537637E9	98.14285714285714	0.0
2.0565947405E9	276.09515959838154	0.0
2.0566517835E9	192.08333333333334	533258.5910655439
2.0567087165E9	276.5915322004855	0.0
2.056765451E9	276.7725484023296	0.0
2.056821998E9	276.0130340724716	533258.5910655439
2.0568784445E9	278.26129426129427	0.0
2.056934791E9	275.92260965226956	0.0
2.0569910545E9	271.562030075188	533258.5910655439
2.0570472855E9	272.98239222829386	0.0
2.057103487E9	275.90890029643555	0.0
2.0571595855E9	277.2395235056371	533258.5910655439
2.0572155025E9	275.20293359123144	0.0
2.0572712245E9	208.5	0.0
2.057326847E9	277.34809595705417	533258.5910655439
2.0573823645E9	277.5133764215004	0.0
2.057437781E9	278.348851644941	0.0
2.057493164E9	195.0	533258.5910655439
2.0575484995E9	285.6723076923077	0.0
2.05760373E9	277.4175008629617	0.0
2.0576588685E9	276.441975308642	533258.5910655439
2.0577139355E9	198.8227848101266	0.0
2.0577689315E9	274.47816374399645	0.0
2.0578239195E9	275.21569095977696	533258.5910655439
2.057878902E9	274.67755380936114	0.0
2.057933777E9	276.393749497871	0.0
2.0579884845E9	276.4909090909091	533258.5910655439
2.0580431165E9	278.0317863954228	0.0
2.058097727E9	278.50932074565964	0.0
2.05815231E9	274.66633545310015	533258.5910655439
2.0582067325E9	269.27626745040413	0.0
2.058260974E9	186.33333333333334	0.0
2.058315129E9	272.22061657032754	533258.5910655439
2.0583692185E9	198.3684210526316	0.0
2.05842327E9	273.98251703303765	0.0
2.058477297E9	277.6096820699598	533258.5910655439
2.0585313105E9	276.1787118762562	0.0
2.058585287E9	278.0202393263407	0.0
2.0586391865E9	276.81284082056607	533258.5910655439
2.058693023E9	278.0431775866655	0.0
2.0587468175E9	274.0151388799795	0.0
2.0588005E9	276.79822896900697	533258.5910655439
2.0588540625E9	271.9909042268593	0.0
2.0589075495E9	276.47866792334275	0.0
2.058960981E9	280.1759471141622	533258.5910655439
2.059014389E9	277.4262514781238	0.0
2.059067673E9	271.67637422642883	0.0
2.0591208205E9	277.6859109872224	533258.5910655439
2.059163076E9	277.18792673675085	0.0
2.059189619E9	271.71853775469435	0.0
2.0592269795E9	267.6190476190476	533258.5910655439
2.059279992E9	277.1211606096131	0.0
2.0593329825E9	277.1159802306425	0.0
2.0593858185E9	275.5282659509999	533258.5910655439
2.0594384305E9	276.2437585111212	0.0
2.059490885E9	277.88951705058037	0.0
2.0595432645E9	275.15929535232385	533258.5910655439
2.0595955855E9	274.9944653935044	0.0
2.0596477675E9	275.5515417365501	0.0
2.059699862E9	265.3478260869565	533258.5910655439
2.059751948E9	277.1006821730912	0.0
2.0598040055E9	274.79884017876145	0.0
2.0598560135E9	273.5975555555556	533258.5910655439
2.0599079495E9	282.2279035792549	0.0
2.0599597635E9	274.42334398000276	0.0
2.0600113985E9	260.4118104118104	533258.5910655439
2.0600629095E9	260.34272946029563	0.0
2.0601143935E9	275.77244359097455	0.0
2.0601657865E9	277.20672901102347	533258.5910655439
2.0602169615E9	267.1774340309372	0.0
2.0602678705E9	276.96869492236675	0.0
2.0603186035E9	268.8680628272251	533258.5910655439
2.0603692295E9	276.8268741494586	0.0
2.060419725E9	271.02190622598	0.0
2.060470132E9	276.2737045435458	533258.5910655439
2.06052038E9	276.2486412108703	0.0
2.060570481E9	275.50708768355827	0.0
2.0606204435E9	276.23080459770114	533258.5910655439
2.06067023E9	278.1835180055402	0.0
2.06071997E9	265.7846790890269	0.0
2.060769706E9	275.82423763072325	533258.5910655439
2.060819393E9	276.77828092959675	0.0
2.060868933E9	271.69771581133193	0.0
2.060918284E9	277.5753968253968	533258.5910655439
2.0609675205E9	273.39814814814815	0.0
2.061016628E9	276.37102572744635	0.0
2.061065573E9	278.35525177366327	533258.5910655439
2.061114397E9	259.72543352601156	0.0
2.0611631105E9	276.7038607017086	0.0
2.061211492E9	277.6926080397551	533258.5910655439
2.061259497E9	274.9464033850494	0.0
2.061307319E9	273.82260584283705	0.0
2.0613550415E9	275.86147263326797	533258.5910655439
2.0614027295E9	279.05387480694105	0.0
2.061450387E9	275.65644885922705	0.0
2.061498029E9	170.57142857142858	533258.5910655439
2.0615456225E9	276.5024117306579	0.0
2.061593126E9	274.8490011750881	0.0
2.061640529E9	277.5080338070029	533258.5910655439
2.061687757E9	258.5128205128205	0.0
2.0617347625E9	278.5074198180948	0.0
2.061781654E9	277.16941444002276	533258.5910655439
2.061828524E9	265.71151984511135	0.0
2.0618753855E9	278.29298923544025	0.0
2.061922146E9	277.2018479710421	533258.5910655439
2.061968779E9	237.66666666666666	0.0
2.0620153705E9	203.25	0.0
2.0620619385E9	277.06340421400137	533258.5910655439
2.0621083935E9	275.87853936464086	0.0
2.062154738E9	278.8542012296282	0.0
2.0622010015E9	276.28641551110564	533258.5910655439
2.062247173E9	277.3303399615138	0.0
2.0622933155E9	279.5398388540734	0.0
2.0623394475E9	275.56021067751976	533258.5910655439
2.062385446E9	272.40090646889166	0.0
2.0624312625E9	276.14004301075266	0.0
2.062476887E9	282.0499780155357	533258.5910655439
2.0625223535E9	274.9600752508361	0.0
2.0625677955E9	277.8260420578295	0.0
2.0626131705E9	276.1853868194842	533258.5910655439
2.0626584765E9	156.83333333333334	0.0
2.0627035625E9	274.68019564098165	0.0
2.062748417E9	275.82513584080164	533258.5910655439
2.062793173E9	276.16478435534	0.0
2.0628376835E9	274.77660075329567	0.0
2.062881954E9	271.8275596612779	533258.5910655439
2.0629261195E9	276.22857756460735	0.0
2.062970238E9	273.89574366331897	0.0
2.0630142905E9	213.8507462686567	533258.5910655439
2.0630582625E9	277.91227284934206	0.0
2.0631021875E9	274.95922544080605	0.0
2.0631460875E9	264.8829568788501	533258.5910655439
2.0631899665E9	274.7746925823086	0.0
2.0632338255E9	274.4022232962784	0.0
2.063277676E9	279.89588688946014	533258.5910655439
2.0633214535E9	275.87301382250354	0.0
2.063365083E9	279.56361931551805	0.0
2.06340861E9	276.38786974458003	533258.5910655439
2.0634520775E9	274.4746835443038	0.0
2.0634954775E9	274.4977322944528	0.0
2.063538784E9	155.5	533258.5910655439
2.0635819555E9	263.69606571552094	0.0
2.063625014E9	277.1401003052769	0.0
2.0636679765E9	269.07868383404866	533258.5910655439
2.063710875E9	276.9804117739982	0.0
2.063753689E9	274.35755742663287	0.0
2.063796396E9	273.92367804115656	533258.5910655439
2.063839067E9	276.99897215473743	0.0
2.063881726E9	276.870079587008	0.0
2.0639243715E9	272.984681372549	533258.5910655439
2.063966989E9	276.9232137563	0.0
2.0640095635E9	170.33333333333334	0.0
2.0640520875E9	277.8762931790286	533258.5910655439
2.064094574E9	275.67811120122553	0.0
2.0641370415E9	281.3009787928222	0.0
2.0641794945E9	273.46515679442507	533258.5910655439
2.0642218365E9	276.45077087467564	0.0
2.0642640635E9	276.4991690408357	0.0
2.0643062705E9	271.8180204172215	533258.5910655439
2.0643399765E9	280.2753743760399	0.0
2.06436102E9	275.0331304935767	0.0
2.0643904625E9	277.6094420600858	533258.5910655439
2.064432456E9	277.5432357043236	0.0
2.064474346E9	278.52480485689506	0.0
2.064516152E9	277.09943835742564	533258.5910655439
2.064557914E9	276.7818481848185	0.0
2.064599536E9	184.38095238095238	0.0
2.064641057E9	276.3947624926896	533258.5910655439
2.0646825695E9	276.7042692427548	0.0
2.064724048E9	274.8142060463751	0.0
2.064765456E9	275.76113321963237	533258.5910655439
2.0648067995E9	273.8223924977127	0.0
2.064848117E9	277.9142857142857	0.0
2.064889353E9	276.09571665528347	533258.5910655439
2.064930492E9	277.36714474429135	0.0
2.0649715775E9	276.48577216166683	0.0
2.065012547E9	275.5996855654908	533258.5910655439
2.065053387E9	275.99344413665744	0.0
2.0650941705E9	217.5	0.0
2.0651348115E9	275.4482561054215	533258.5910655439
2.065175299E9	276.2390067252975	0.0
2.0652157165E9	276.0462297102938	0.0
2.065256051E9	276.00233797811654	533258.5910655439
2.065296264E9	275.31620806289425	0.0
2.06533636E9	255.27746741154562	0.0
2.0653762875E9	276.09695942250903	533258.5910655439
2.065416072E9	275.21922298274364	0.0
2.0654558335E9	275.39688958009333	0.0
2.065495547E9	274.05138388978526	533258.5910655439
2.0655352215E9	274.43639053254435	0.0
2.065574844E9	270.37200435729847	0.0
2.0656143995E9	273.71190796720106	533258.5910655439
2.065653785E9	277.40817836010143	0.0
2.0656929715E9	275.99785177228785	0.0
2.065732097E9	278.7530981887512	533258.5910655439
2.065771194E9	275.1034592698868	0.0
2.0658102015E9	273.4118530383422	0.0
2.065849086E9	269.5866050808314	533258.5910655439
2.0658878885E9	261.13199577613517	0.0
2.065926599E9	276.20684147477704	0.0
2.0659651665E9	277.5426439232409	533258.5910655439
2.066003597E9	160.83333333333334	0.0
2.066041833E9	275.181661775124	0.0
2.0660799315E9	275.96289284361984	533258.5910655439
2.066117971E9	274.88142483786663	0.0
2.066155951E9	275.12983550937565	0.0
2.0661939105E9	200.76666666666668	533258.5910655439
2.066231761E9	275.9572454308094	0.0
2.066269513E9	275.95266316392343	0.0
2.0663072395E9	276.0182710662667	533258.5910655439
2.0663449305E9	263.8122905027933	0.0
2.066382491E9	276.9930137783815	0.0
2.066419923E9	273.94834834834836	533258.5910655439
2.0664573405E9	189.05263157894737	0.0
2.066494663E9	276.485726718886	0.0
2.0665318675E9	263.00754310344826	533258.5910655439
2.06656886E9	279.860101010101	0.0
2.066605527E9	248.81375108790252	0.0
2.0666420115E9	278.01848917062864	533258.5910655439
2.066678418E9	277.9221470555617	0.0
2.0667146455E9	275.68576958680467	0.0
2.0667506425E9	275.65798840638666	533258.5910655439
2.066786533E9	265.51724137931035	0.0
2.06682234E9	277.5382634816192	0.0
2.0668580485E9	272.6363636363636	533258.5910655439
2.0668937175E9	274.5031055900621	0.0
2.066929375E9	278.1571573416905	0.0
2.066965002E9	272.5451182242239	533258.5910655439
2.067000607E9	278.42955974842766	0.0
2.0670361255E9	276.71019376579613	0.0
2.067071259E9	277.52363034316676	533258.5910655439
2.0671060455E9	273.9469135802469	0.0
2.0671407445E9	194.88888888888889	0.0
2.0671753685E9	277.68792472556197	533258.5910655439
2.0672098815E9	276.5293260752894	0.0
2.0672443075E9	273.49763680285685	0.0
2.067278715E9	276.1620060790274	533258.5910655439
2.0673130935E9	277.5787716280482	0.0
2.067347425E9	280.88751441450887	0.0
2.067381705E9	275.8632193494579	533258.5910655439
2.067415802E9	275.15652708278463	0.0
2.06744974E9	269.14494382022474	0.0
2.067483567E9	276.4298657002771	533258.5910655439
2.0675172065E9	274.3812054258146	0.0
2.067550754E9	264.54050785973396	0.0
2.067584073E9	146.1818181818182	533258.5910655439
2.0676169285E9	280.5652699435939	0.0
2.067649369E9	276.912695179905	0.0
2.067681611E9	276.1532476838819	533258.5910655439
2.0677138205E9	276.8928598413298	0.0
2.0677460135E9	277.72145794392526	0.0
2.067778124E9	277.20757283754676	533258.5910655439
2.067810106E9	264.47632158590307	0.0
2.067842003E9	276.8923178661964	0.0
2.067873862E9	277.719858560511	533258.5910655439
2.067905563E9	276.4493361285814	0.0
2.0679370935E9	198.73469387755102	0.0
2.0679685825E9	276.84992111941835	533258.5910655439
2.067999981E9	183.41860465116278	0.0
2.068031227E9	278.4476758637833	0.0
2.0680621725E9	276.73603178544823	533258.5910655439
2.0680928915E9	277.03927247451344	0.0
2.0681232945E9	277.5700582807188	0.0
2.0681533735E9	276.591086786552	533258.5910655439
2.0681834185E9	275.5660132976427	0.0
2.068213411E9	275.3587481875302	0.0
2.068243323E9	275.9518926255467	533258.5910655439
2.0682731795E9	274.0808333333333	0.0
2.0683029755E9	261.3308474576271	0.0
2.0683327055E9	276.16599394550957	533258.5910655439
2.0683623225E9	274.84569640062597	0.0
2.0683917925E9	277.18087318087316	0.0
2.0684211705E9	275.7878188443519	533258.5910655439
2.0684504815E9	267.4488711819389	0.0
2.0684796705E9	274.44505494505495	0.0
2.0685086615E9	283.76814240073026	533258.5910655439
2.0685375405E9	274.36800986842104	0.0
2.0685663755E9	274.774856845393	0.0
2.0685951705E9	279.34615384615387	533258.5910655439
2.068623879E9	274.8655345211581	0.0
2.0686525055E9	279.88206278026905	0.0
2.068681095E9	192.89655172413794	533258.5910655439
2.068709649E9	276.4790477743356	0.0
2.068738037E9	275.49573934837093	0.0
2.0687662505E9	275.5167192429022	533258.5910655439
2.068794412E9	278.58091353996736	0.0
2.068822535E9	275.93507695868533	0.0
2.068850427E9	277.73035942605486	533258.5910655439
2.068877977E9	279.33570075757575	0.0
2.0689054085E9	280.32166666666666	0.0
2.0689326215E9	185.6769230769231	533258.5910655439
2.06895959E9	276.6983711460151	0.0
2.068986372E9	273.0888947507254	0.0
2.069012931E9	269.6771561771562	533258.5910655439
2.0690394145E9	275.63758256925956	0.0
2.069065816E9	275.21036533559896	0.0
2.0690920755E9	277.20380434782606	533258.5910655439
2.0691179945E9	281.971	0.0
2.069143631E9	275.8301198540907	0.0
2.069169143E9	283.07643622200584	533258.5910655439
2.0691943855E9	275.9072039072039	0.0
2.069218939E9	277.6563115623579	0.0
2.0692429175E9	276.7815785344422	533258.5910655439
2.069266664E9	266.9685938615275	0.0
2.0692895315E9	273.2789910796678	0.0
2.069311225E9	261.2411347517731	533258.5910655439
2.0693321245E9	279.6704260651629	0.0
2.069352687E9	246.817094017094	0.0
2.069373214E9	277.82611478557715	533258.5910655439
2.069393374E9	276.0607861060329	0.0
2.069413149E9	277.7745314222712	0.0
2.069432396E9	277.30071813285457	533258.5910655439
2.069450749E9	281.1013460015835	0.0
2.069468332E9	275.67584934848577	0.0
2.0694846915E9	278.22937625754525	533258.5910655439
2.0694999495E9	258.48506151142357	0.0
2.0695119495E9	248.42857142857142	0.0
2.069520423E9	0.0	533258.5910655439
2.0695248965E9	139.99137931034483	0.0
2.0695258965E9	249.17757009345794	0.0
