#Position (bp)	mapping quality
2586908.5	38.03585234773887
7760724.5	43.10334382253617
1.29345405E7	41.64649267993499
1.81083565E7	40.588369984632315
2.32821725E7	43.92509562341245
2.84559885E7	43.312303577714324
3.36298045E7	43.28485867342688
3.88036205E7	44.941125041639474
4.39774365E7	44.5540376968329
4.91512525E7	42.230133211895776
5.43250685E7	44.93282052168935
5.94988845E7	44.13590157356984
6.46727005E7	44.36887444735322
6.98465165E7	42.310546914352116
7.50203325E7	42.55329200202292
8.01941485E7	42.638472553028336
8.53679645E7	42.10858159498035
9.05417805E7	40.627440943263444
9.57155965E7	40.594225421163955
1.008894125E8	43.33766547374891
1.060632285E8	42.65853171376977
1.112370445E8	43.16177148684421
1.164108605E8	42.12502379120016
1.215846765E8	45.30143512269412
1.267584925E8	42.73563023574001
1.319323085E8	40.88401614499275
1.371061245E8	44.009875312157654
1.422799405E8	42.2031064091886
1.474537565E8	41.82916318573355
1.526275725E8	39.87582783531903
1.578013885E8	42.53103349582441
1.629752045E8	41.90973015042345
1.681490205E8	42.28099619171864
1.733228365E8	40.81652811988239
1.784966525E8	44.872593895793614
1.836704685E8	41.043380407671975
1.888442845E8	41.96408340391558
1.940181005E8	40.62477469508598
1.991919165E8	39.5643084302888
2.043657325E8	35.06291930940366
2.095395485E8	28.16007050903343
2.147133645E8	35.768859133755264
2.198871805E8	34.691645435431376
2.250609965E8	38.20419351569169
2.302348125E8	39.30922572247154
2.354086285E8	41.82766422789994
2.405824445E8	39.37849692506874
2.457562605E8	39.70218317840158
2.509300765E8	35.94079726720385
2.561038925E8	42.83521539927806
2.612777085E8	31.232622396093625
2.664515245E8	33.843533260014254
2.716253405E8	25.875356639881446
2.767991565E8	36.1319416832308
2.819729725E8	34.76812165092951
2.871467885E8	39.77346538022857
2.923206045E8	33.88071071551336
2.974944205E8	35.96808272883323
3.026682365E8	41.554227428344774
3.078420525E8	39.739594294000774
3.130158685E8	40.51988380883857
3.181896845E8	40.84923363884869
3.233635005E8	39.33497616982066
3.285373165E8	38.693397304309414
3.337111325E8	40.78728085249229
3.388849485E8	40.76254507476703
3.440587645E8	40.02748930986813
3.492325805E8	40.97596476311685
3.544063965E8	37.11034222712873
3.595802125E8	37.381686801899946
3.647540285E8	38.625484552385025
3.699278445E8	35.93341012551116
3.751016605E8	36.084576391096434
3.802754765E8	37.996162133493286
3.854492925E8	37.249156454541136
3.906231085E8	40.36236794075745
3.957969245E8	44.036942520218176
4.009707405E8	42.29417775217944
4.061445565E8	39.028492930103305
4.113183725E8	42.85381810603023
4.164921885E8	39.80991644841163
4.216660045E8	37.873365750057566
4.268398205E8	39.833390386998005
4.320136365E8	42.209367469835804
4.371874525E8	44.50980105781324
4.423612685E8	44.46080554778968
4.475350845E8	43.85061258237483
4.527089005E8	43.836087805966464
4.578827165E8	46.75396789951599
4.630565325E8	43.727178546713276
4.682303485E8	44.850572285013406
4.734041645E8	44.01797088379502
4.785779805E8	46.35618776597009
4.823234295E8	41.9819882773295
4.849103375E8	32.42704852050478
4.889256125E8	47.28127268271746
4.940994285E8	45.22574905087582
4.992732445E8	42.70545324211938
5.044470605E8	46.39256755519502
5.096208765E8	45.52286550681091
5.147946925E8	46.087504101165585
5.199685085E8	45.56406747757758
5.251423245E8	45.27294454994476
5.303161405E8	41.61806426013474
5.354899565E8	43.20744070932241
5.406637725E8	43.8265441263703
5.458375885E8	43.674741070175116
5.510114045E8	44.173845777749825
5.561852205E8	40.1153731842026
5.613590365E8	41.50684067206328
5.665328525E8	41.162570678581844
5.717066685E8	42.5195527998852
5.768804845E8	43.26432618908557
5.820543005E8	41.39287460609229
5.872281165E8	41.36661901520541
5.924019325E8	44.15815032094001
5.975757485E8	42.33836592814429
6.027495645E8	43.38510795122736
6.079233805E8	42.82183605681487
6.130971965E8	41.7484863379674
6.182710125E8	41.0322207459277
6.234448285E8	42.47650136520887
6.286186445E8	40.29792951792146
6.337924605E8	39.87380101105842
6.389662765E8	37.34648786958602
6.441400925E8	33.57274360581298
6.493139085E8	33.738560649044786
6.520379055E8	38.17231063378163
6.546248135E8	39.775506472846914
6.596615405E8	42.426412445161546
6.648353565E8	43.159869312760165
6.700091725E8	42.53749136979849
6.751829885E8	42.79702542124779
6.803568045E8	41.4775595769237
6.855306205E8	42.97973577424752
6.907044365E8	41.087670645303916
6.958782525E8	41.22383237034589
7.010520685E8	38.70591549561109
7.062258845E8	41.55658141923429
7.113997005E8	43.66337206264529
7.165735165E8	41.03154158655505
7.217473325E8	43.272389059038545
7.269211485E8	41.975774486958414
7.320949645E8	41.87734380792945
7.372687805E8	43.541488140576774
7.424425965E8	40.589976582987994
7.476164125E8	40.89576245151295
7.527902285E8	40.96924278496858
7.579640445E8	38.87748922412051
7.631378605E8	40.290751941613706
7.683116765E8	42.56941737892471
7.734854925E8	34.462839145843695
7.786593085E8	41.64078444490977
7.838331245E8	42.95063735109099
7.890069405E8	37.37030995893941
7.941807565E8	41.172232218267546
7.993545725E8	40.47090075839716
8.045283885E8	42.346181230163374
8.097022045E8	42.272563340944714
8.148760205E8	42.492098941859894
8.200498365E8	43.29785960413827
8.252236525E8	38.04157124153319
8.303974685E8	40.89604727907242
8.355712845E8	39.85324715062246
8.407451005E8	41.612909945228886
8.459189165E8	42.24622624242601
8.510927325E8	41.58327574130804
8.562665485E8	41.58924265722441
8.614403645E8	34.990668984980324
8.666141805E8	28.449972780868258
8.717879965E8	38.46595218038083
8.769618125E8	39.471775583386865
8.821356285E8	40.14861498249804
8.873094445E8	38.47925918146227
8.924832605E8	40.56251867346397
8.976570765E8	39.63680742857633
9.028308925E8	40.741302683110675
9.080047085E8	38.94398546981342
9.131785245E8	40.73094491958193
9.183523405E8	37.72890611568512
9.235261565E8	39.637671807013916
9.286999725E8	40.388409814403175
9.338737885E8	37.12339989635127
9.390476045E8	40.072627753756905
9.442214205E8	41.22555441412901
9.493952365E8	41.05246847942925
9.545690525E8	41.45192152055772
9.597428685E8	42.044127355800555
9.649166845E8	41.61441259380847
9.700905005E8	44.92190535659154
9.752643165E8	46.327143187585975
9.804381325E8	43.559473477809156
9.856119485E8	44.79172505741309
9.907857645E8	41.69736128669408
9.959595805E8	44.35992542756349
1.0011333965E9	41.49314833023584
1.0063072125E9	40.01369252872552
1.0114810285E9	41.89594026868361
1.0166548445E9	42.75547993422327
1.0218286605E9	41.661214266041945
1.0270024765E9	42.960399955319225
1.0321762925E9	43.811998118819695
1.0373501085E9	41.40937810219671
1.0425239245E9	41.33382105562484
1.0476977405E9	41.5090447803871
1.0528715565E9	39.29672248702695
1.0580453725E9	43.52435181502759
1.0632191885E9	40.805265985029585
1.0683930045E9	43.5475694207572
1.0735668205E9	43.1036475685854
1.0787406365E9	40.901104591166686
1.0839144525E9	39.970810339879336
1.0890882685E9	40.475783303412264
1.0942620845E9	37.055071395395245
1.0994359005E9	43.3938095957893
1.1046097165E9	43.6859730481081
1.1097835325E9	43.202992321802164
1.1149573485E9	46.5273138655271
1.1181882005E9	27.86299201683408
1.1207751085E9	43.41627930204246
1.1253049805E9	44.8094800131702
1.1304787965E9	42.90237939371235
1.1356526125E9	43.04919427687297
1.1408264285E9	44.04129823422242
1.1460002445E9	44.84747710332481
1.1511740605E9	43.54355143786901
1.1563478765E9	42.898869437337396
1.1615216925E9	43.16742263637633
1.1666955085E9	42.560065219171946
1.1718693245E9	43.95744627488346
1.1770431405E9	44.88881934133138
1.1822169565E9	43.650565314963885
1.1873907725E9	45.611020911318185
1.1925645885E9	46.71056899552867
1.1977384045E9	44.171355767686386
1.2029122205E9	42.984272498780385
1.2080860365E9	43.36720850918005
1.2132598525E9	44.98192742634578
1.2184336685E9	44.69195024359866
1.2236074845E9	44.03058074841786
1.2287813005E9	45.542807330866594
1.2339551165E9	44.54807809445407
1.2391289325E9	26.8655631296963
1.2443027485E9	44.25456715968611
1.2494765645E9	43.43300579473721
1.2546503805E9	43.71673572114326
1.2598241965E9	43.341919127247095
1.2649980125E9	42.703923526959876
1.2701718285E9	39.24380340204124
1.2753456445E9	42.848474625652294
1.2805194605E9	39.746070437226514
1.2856932765E9	42.348862987474526
1.2908670925E9	39.86346393131036
1.2960409085E9	41.036927482413525
1.3012147245E9	42.20170757043127
1.3063885405E9	43.3168462391849
1.3115623565E9	42.49077898591291
1.3167361725E9	44.03712199192151
1.3219099885E9	43.4563749475488
1.3270838045E9	43.39507201605433
1.3322576205E9	42.88130558663456
1.3374314365E9	44.029794622673535
1.3426052525E9	44.434239686724126
1.3477790685E9	44.1732315700257
1.3529528845E9	44.20003824019773
1.3581267005E9	45.46199132760929
1.3633005165E9	44.535448685319864
1.3684743325E9	43.07145740449961
1.3736481485E9	43.93915505443004
1.3788219645E9	44.52798880620392
1.3839957805E9	43.609656706656644
1.3891695965E9	43.55393659625027
1.3943434125E9	44.275944081022274
1.3995172285E9	44.89177627129253
1.4046910445E9	43.25180491999231
1.4098648605E9	44.05062509891555
1.4150386765E9	42.600219333423674
1.4202124925E9	42.83389296776204
1.4253863085E9	41.3332857769524
1.4305601245E9	45.08302768554548
1.4357339405E9	46.43886441751619
1.4388118925E9	24.939374791447445
1.441065418E9	0.0
1.443161282E9	0.0
1.443735882E9	0.0
1.4442895865E9	0.0
1.444913117E9	0.0
1.4455288255E9	0.0
1.4460931365E9	0.0
1.4465982825E9	0.0
1.447080158E9	0.0
1.4475167665E9	0.0
1.447907069E9	0.0
1.4482862265E9	0.0
1.4485718975E9	0.0
1.4487481175E9	0.0
1.449001605E9	0.0
1.449343901E9	0.0
1.4496668465E9	0.0
1.449974313E9	0.0
1.4502684415E9	0.0
1.450540361E9	0.0
1.450801367E9	0.0
1.451059176E9	0.0
1.451307661E9	0.0
1.451547714E9	0.0
1.451784517E9	0.0
1.452015901E9	0.0
1.452241601E9	0.0
1.4524656315E9	0.0
1.4526889625E9	0.0
1.452904683E9	0.0
1.4531132205E9	0.0
1.4533199045E9	0.0
1.45352382E9	0.0
1.4537245535E9	0.0
1.453833122E9	0.0
1.453924137E9	0.0
1.4540967415E9	0.0
1.4542765095E9	0.0
1.454453896E9	0.0
1.454627853E9	0.0
1.454793793E9	0.0
1.454954221E9	0.0
1.455113722E9	0.0
1.4552707885E9	0.0
1.4554260495E9	0.0
1.455579934E9	0.0
1.4557323775E9	0.0
1.4558840695E9	0.0
1.4560335785E9	0.0
1.4561805565E9	0.0
1.456323842E9	0.0
1.4564639545E9	0.0
1.4566031245E9	0.0
1.4567407675E9	0.0
1.456877058E9	0.0
1.457012944E9	0.0
1.4571458465E9	0.0
1.45727575E9	0.0
1.45740535E9	0.0
1.4575345845E9	0.0
1.4576628165E9	0.0
1.457789841E9	0.0
1.457916243E9	0.0
1.4580424135E9	0.0
1.458166698E9	0.0
1.4582888625E9	0.0
1.4584101875E9	0.0
1.458530464E9	0.0
1.4586499655E9	0.0
1.458768974E9	0.0
1.4588873735E9	0.0
1.458981243E9	0.0
1.4590379465E9	0.0
1.459116151E9	0.0
1.4592278825E9	0.0
1.4593384345E9	0.0
1.45944875E9	0.0
1.4595583745E9	0.0
1.459667337E9	0.0
1.4597759645E9	0.0
1.4598837445E9	0.0
1.459990724E9	0.0
1.460095789E9	0.0
1.4601989665E9	0.0
1.460301645E9	0.0
1.460403974E9	0.0
1.4605052115E9	0.0
1.460605256E9	0.0
1.4607050395E9	0.0
1.4608042615E9	0.0
1.4609024215E9	0.0
1.4609995645E9	0.0
1.461096222E9	0.0
1.461192295E9	0.0
1.461287789E9	0.0
1.4613815225E9	0.0
1.461473124E9	0.0
1.4615641115E9	0.0
1.4616545075E9	0.0
1.461744501E9	0.0
1.461834469E9	0.0
1.461924136E9	0.0
1.462013262E9	0.0
1.4621018715E9	0.0
1.462190052E9	0.0
1.462278088E9	0.0
1.4623660525E9	0.0
1.462453646E9	0.0
1.4625403745E9	0.0
1.462626589E9	0.0
1.4627127045E9	0.0
1.4627981565E9	0.0
1.4628827705E9	0.0
1.462966956E9	0.0
1.4630510115E9	0.0
1.463134927E9	0.0
1.463218774E9	0.0
1.4633023375E9	0.0
1.46338548E9	0.0
1.463468142E9	0.0
1.4635504135E9	0.0
1.4636325945E9	0.0
1.463714703E9	0.0
1.463796391E9	0.0
1.463877603E9	0.0
1.46395871E9	0.0
1.4640394975E9	0.0
1.464119782E9	0.0
1.4641748715E9	0.0
1.4642148715E9	0.0
1.464279823E9	0.0
1.464359729E9	0.0
1.4644394325E9	0.0
1.4645190265E9	0.0
1.4645981735E9	0.0
1.464676805E9	0.0
1.4647552865E9	0.0
1.464833581E9	0.0
1.464911704E9	0.0
1.464989731E9	0.0
1.465067448E9	0.0
1.465144729E9	0.0
1.4652216595E9	0.0
1.4652981775E9	0.0
1.4653743825E9	0.0
1.4654503885E9	0.0
1.465526243E9	0.0
1.4656015175E9	0.0
1.4656759405E9	0.0
1.4657496E9	0.0
1.4658225005E9	0.0
1.465895043E9	0.0
1.4659675185E9	0.0
1.466039805E9	0.0
1.4661117355E9	0.0
1.4661832985E9	0.0
1.466254626E9	0.0
1.4663257255E9	0.0
1.466396518E9	0.0
1.4664671285E9	0.0
1.4665376735E9	0.0
1.4666082055E9	0.0
1.466678705E9	0.0
1.466748923E9	0.0
1.466818757E9	0.0
1.4668883745E9	0.0
1.466957778E9	0.0
1.467027038E9	0.0
1.4670962625E9	0.0
1.467165214E9	0.0
1.467233775E9	0.0
1.4673021245E9	0.0
1.4673703545E9	0.0
1.4674383995E9	0.0
1.4675062585E9	0.0
1.4675739715E9	0.0
1.4676414985E9	0.0
1.467708901E9	0.0
1.467776213E9	0.0
1.46784344E9	0.0
1.467910435E9	0.0
1.4679771755E9	0.0
1.468043677E9	0.0
1.4681099365E9	0.0
1.4681760955E9	0.0
1.46824219E9	0.0
1.4683081735E9	0.0
1.4683740325E9	0.0
1.468439794E9	0.0
1.46850528E9	0.0
1.468570459E9	0.0
1.468635518E9	0.0
1.4687005415E9	0.0
1.4687655415E9	0.0
1.4688305115E9	0.0
1.4688954335E9	0.0
1.4689603E9	0.0
1.4690251405E9	0.0
1.4690899665E9	0.0
1.469154765E9	0.0
1.4692194505E9	0.0
1.469283971E9	0.0
1.4693399695E9	0.0
1.469372153E9	0.0
1.469412738E9	0.0
1.4694770555E9	0.0
1.469541331E9	0.0
1.4696055825E9	0.0
1.46966977E9	0.0
1.4697338815E9	0.0
1.469797862E9	0.0
1.4698617325E9	0.0
1.4699255605E9	0.0
1.469989333E9	0.0
1.4700530585E9	0.0
1.4701167525E9	0.0
1.470180317E9	0.0
1.470243755E9	0.0
1.470307189E9	0.0
1.470370611E9	0.0
1.4704339855E9	0.0
1.470496952E9	0.0
1.4705595045E9	0.0
1.4706219125E9	0.0
1.4706842135E9	0.0
1.4707465085E9	0.0
1.47080879E9	0.0
1.4708710415E9	0.0
1.4709332695E9	0.0
1.47099544E9	0.0
1.471057448E9	0.0
1.471119294E9	0.0
1.4711810885E9	0.0
1.4712428095E9	0.0
1.4713044435E9	0.0
1.47136602E9	0.0
1.4714275425E9	0.0
1.471489006E9	0.0
1.4715503865E9	0.0
1.471611813E9	0.0
1.4716731615E9	0.0
1.471734327E9	0.0
1.471795384E9	0.0
1.4718563315E9	0.0
1.471917239E9	0.0
1.471978021E9	0.0
1.472038683E9	0.0
1.472099319E9	0.0
1.4721598115E9	0.0
1.4722201535E9	0.0
1.472280467E9	0.0
1.4723407465E9	0.0
1.4724009875E9	0.0
1.4724610955E9	0.0
1.4725209245E9	0.0
1.472580588E9	0.0
1.4726402365E9	0.0
1.472699851E9	0.0
1.47275942E9	0.0
1.4728189415E9	0.0
1.472878416E9	0.0
1.472937864E9	0.0
1.4729972445E9	0.0
1.4730564195E9	0.0
1.4731153915E9	0.0
1.4731742925E9	0.0
1.4732331755E9	0.0
1.473292052E9	0.0
1.4733508975E9	0.0
1.4734096785E9	0.0
1.473468219E9	0.0
1.473526531E9	0.0
1.47358478E9	0.0
1.473642965E9	0.0
1.473701115E9	0.0
1.473759187E9	0.0
1.4738171525E9	0.0
1.473875072E9	0.0
1.4739329595E9	0.0
1.473990813E9	0.0
1.474048623E9	0.0
1.4741063875E9	0.0
1.4741640615E9	0.0
1.474221656E9	0.0
1.4742792405E9	0.0
1.474336723E9	0.0
1.4743940615E9	0.0
1.4744512915E9	0.0
1.4745084605E9	0.0
1.4745373025E9	0.0
1.4745658825E9	0.0
1.4746227515E9	0.0
1.4746798415E9	0.0
1.474736922E9	0.0
1.4747939775E9	0.0
1.474850926E9	0.0
1.4749077785E9	0.0
1.4749645815E9	0.0
1.4750213375E9	0.0
1.475078085E9	0.0
1.475134825E9	0.0
1.475191526E9	0.0
1.475248184E9	0.0
1.475304785E9	0.0
1.475361331E9	0.0
1.475417846E9	0.0
1.4754743335E9	0.0
1.475530812E9	0.0
1.475587265E9	0.0
1.475643675E9	0.0
1.475700015E9	0.0
1.4757562905E9	0.0
1.475812363E9	0.0
1.475868203E9	0.0
1.475923985E9	0.0
1.475979756E9	0.0
1.4760355205E9	0.0
1.4760912475E9	0.0
1.4761469345E9	0.0
1.476202504E9	0.0
1.476257941E9	0.0
1.4763133535E9	0.0
1.476368758E9	0.0
1.476424068E9	0.0
1.4764792465E9	0.0
1.4765343335E9	0.0
1.476589309E9	0.0
1.4766441565E9	0.0
1.476698899E9	0.0
1.4767535E9	0.0
1.4768079975E9	0.0
1.476862488E9	0.0
1.4769169595E9	0.0
1.476971295E9	0.0
1.477025485E9	0.0
1.477079584E9	0.0
1.4771336005E9	0.0
1.4771875805E9	0.0
1.4772414615E9	0.0
1.477295249E9	0.0
1.4773490025E9	0.0
1.477402727E9	0.0
1.47745644E9	0.0
1.4775101175E9	0.0
1.47756376E9	0.0
1.4776173835E9	0.0
1.477670962E9	0.0
1.4777244945E9	0.0
1.477777974E9	0.0
1.477831364E9	0.0
1.477884697E9	0.0
1.4779380235E9	0.0
1.47799131E9	0.0
1.4780445285E9	0.0
1.478097698E9	0.0
1.4781508375E9	0.0
1.478203958E9	0.0
1.478257044E9	0.0
1.478310098E9	0.0
1.4783631485E9	0.0
1.478416185E9	0.0
1.478469181E9	0.0
1.478522147E9	0.0
1.478575098E9	0.0
1.4786279995E9	0.0
1.4786808495E9	0.0
1.478733679E9	0.0
1.478786488E9	0.0
1.4788392785E9	0.0
1.4788920575E9	0.0
1.4789447795E9	0.0
1.4789974325E9	0.0
1.4790500305E9	0.0
1.479102591E9	0.0
1.479155139E9	0.0
1.479207655E9	0.0
1.479260108E9	0.0
1.479312504E9	0.0
1.479364824E9	0.0
1.479417039E9	0.0
1.4794692055E9	0.0
1.4795213615E9	0.0
1.4795735025E9	0.0
1.47962561E9	0.0
1.479677666E9	0.0
1.4797075285E9	0.0
1.479733538E9	0.0
1.479781665E9	0.0
1.4798335805E9	0.0
1.479885453E9	0.0
1.4799372575E9	0.0
1.479989002E9	0.0
1.4800406965E9	0.0
1.4800923275E9	0.0
1.480143924E9	0.0
1.4801955155E9	0.0
1.4802471025E9	0.0
1.480298622E9	0.0
1.480350067E9	0.0
1.4804014845E9	0.0
1.4804528755E9	0.0
1.480504211E9	0.0
1.4805554605E9	0.0
1.480606667E9	0.0
1.4806578665E9	0.0
1.480709056E9	0.0
1.4807602225E9	0.0
1.480811365E9	0.0
1.4808624975E9	0.0
1.4809136255E9	0.0
1.4809647445E9	0.0
1.4810158395E9	0.0
1.4810668995E9	0.0
1.4811179405E9	0.0
1.481168939E9	0.0
1.481219894E9	0.0
1.4812708395E9	0.0
1.481321727E9	0.0
1.481372509E9	0.0
1.481423198E9	0.0
1.481473832E9	0.0
1.481524431E9	0.0
1.4815750025E9	0.0
1.481625558E9	0.0
1.481676092E9	0.0
1.4817266055E9	0.0
1.481777102E9	0.0
1.481827576E9	0.0
1.4818780295E9	0.0
1.481928471E9	0.0
1.481978899E9	0.0
1.482029302E9	0.0
1.4820796615E9	0.0
1.482129963E9	0.0
1.4821802255E9	0.0
1.4822304695E9	0.0
1.4822806935E9	0.0
1.482330906E9	0.0
1.482381076E9	0.0
1.482431195E9	0.0
1.482481296E9	0.0
1.482531365E9	0.0
1.4825813975E9	0.0
1.4826314175E9	0.0
1.4826814E9	0.0
1.482731345E9	0.0
1.4827812865E9	0.0
1.482831219E9	0.0
1.482881135E9	0.0
1.4829310385E9	0.0
1.482980926E9	0.0
1.4830307785E9	0.0
1.4830805975E9	0.0
1.4831304E9	0.0
1.48318017E9	0.0
1.483229864E9	0.0
1.4832795035E9	0.0
1.48332913E9	0.0
1.483378748E9	0.0
1.483428345E9	0.0
1.483477903E9	0.0
1.483527426E9	0.0
1.483576923E9	0.0
1.4836263665E9	0.0
1.483675744E9	0.0
1.4837250715E9	0.0
1.483774341E9	0.0
1.4838235645E9	0.0
1.4838727505E9	0.0
1.483921889E9	0.0
1.483970915E9	0.0
1.484019848E9	0.0
1.4840687615E9	0.0
1.484117657E9	0.0
1.484166493E9	0.0
1.484215264E9	0.0
1.484264022E9	0.0
1.48431274E9	0.0
1.48436142E9	0.0
1.484410068E9	0.0
1.4844586865E9	0.0
1.484507302E9	0.0
1.484555913E9	0.0
1.4846045155E9	0.0
1.484653108E9	0.0
1.484701682E9	0.0
1.484750239E9	0.0
1.4847987815E9	0.0
1.484847311E9	0.0
1.484878384E9	0.0
1.4849026435E9	0.0
1.4849443305E9	0.0
1.4849928005E9	0.0
1.485041266E9	0.0
1.4850897195E9	0.0
1.485138161E9	0.0
1.4851865935E9	0.0
1.485234967E9	0.0
1.4852832835E9	0.0
1.485331592E9	0.0
1.485379883E9	0.0
1.485428155E9	0.0
1.4854764205E9	0.0
1.485524572E9	0.0
1.4855726015E9	0.0
1.4856206075E9	0.0
1.485668588E9	0.0
1.4857165475E9	0.0
1.4857644805E9	0.0
1.485812387E9	0.0
1.485860281E9	0.0
1.4859081705E9	0.0
1.485956024E9	0.0
1.4860038335E9	0.0
1.4860516E9	0.0
1.486099321E9	0.0
1.486147028E9	0.0
1.4861947055E9	0.0
1.48624234E9	0.0
1.486289953E9	0.0
1.4863375515E9	0.0
1.486385137E9	0.0
1.486432712E9	0.0
1.4864802735E9	0.0
1.486527796E9	0.0
1.486575286E9	0.0
1.486622768E9	0.0
1.486670241E9	0.0
1.4867177115E9	0.0
1.4867651575E9	0.0
1.4868125545E9	0.0
1.486859921E9	0.0
1.4869072685E9	0.0
1.486954596E9	0.0
1.487001908E9	0.0
1.487049206E9	0.0
1.4870964905E9	0.0
1.487143726E9	0.0
1.4871909205E9	0.0
1.487238105E9	0.0
1.487285273E9	0.0
1.487332424E9	0.0
1.487379558E9	0.0
1.487426664E9	0.0
1.4874737385E9	0.0
1.487520786E9	0.0
1.487567779E9	0.0
1.487614724E9	0.0
1.487661629E9	0.0
1.4877084645E9	0.0
1.487755248E9	0.0
1.487802019E9	0.0
1.487848784E9	0.0
1.4878955195E9	0.0
1.4879422115E9	0.0
1.4879888735E9	0.0
1.488035506E9	0.0
1.4880821115E9	0.0
1.488128697E9	0.0
1.488175266E9	0.0
1.4882218265E9	0.0
1.4882683295E9	0.0
1.4883147695E9	0.0
1.4883611925E9	0.0
1.488407604E9	0.0
1.4884540085E9	0.0
1.4885003865E9	0.0
1.488546737E9	0.0
1.4885930695E9	0.0
1.48863937E9	0.0
1.4886856445E9	0.0
1.488731908E9	0.0
1.4887781655E9	0.0
1.4888244155E9	0.0
1.4888706345E9	0.0
1.488916806E9	0.0
1.4889629455E9	0.0
1.4890090725E9	0.0
1.4890551825E9	0.0
1.489101266E9	0.0
1.489147334E9	0.0
1.4891933915E9	0.0
1.4892394175E9	0.0
1.489285417E9	0.0
1.489331415E9	0.0
1.4893773925E9	0.0
1.4894233285E9	0.0
1.4894692255E9	0.0
1.489515099E9	0.0
1.4895609385E9	0.0
1.489606745E9	0.0
1.4896525395E9	0.0
1.4896983265E9	0.0
1.489744104E9	0.0
1.4897898715E9	0.0
1.489835595E9	0.0
1.489881264E9	0.0
1.489926899E9	0.0
1.489972465E9	0.0
1.4900179665E9	0.0
1.4900498585E9	0.0
1.490072583E9	0.0
1.4901088415E9	0.0
1.490154196E9	0.0
1.4901995305E9	0.0
1.4902448525E9	0.0
1.490290136E9	0.0
1.4903353745E9	0.0
1.490380596E9	0.0
1.4904257875E9	0.0
1.490470894E9	0.0
1.4905159235E9	0.0
1.490560935E9	0.0
1.490605935E9	0.0
1.490650917E9	0.0
1.4906958815E9	0.0
1.490740827E9	0.0
1.4907857635E9	0.0
1.490830694E9	0.0
1.4908756115E9	0.0
1.490920494E9	0.0
1.4909653455E9	0.0
1.49101016E9	0.0
1.4910549175E9	0.0
1.4910996455E9	0.0
1.4911443615E9	0.0
1.491189058E9	0.0
1.4912337045E9	0.0
1.4912782855E9	0.0
1.491322818E9	0.0
1.4913672715E9	0.0
1.4914116605E9	0.0
1.491456035E9	0.0
1.491500398E9	0.0
1.4915447535E9	0.0
1.4915890995E9	0.0
1.4916334215E9	0.0
1.4916776985E9	0.0
1.491721914E9	0.0
1.491766067E9	0.0
1.4918101865E9	0.0
1.491854264E9	0.0
1.491898298E9	0.0
1.491942316E9	0.0
1.4919863005E9	0.0
1.4920302395E9	0.0
1.49207415E9	0.0
1.4921180345E9	0.0
1.492161899E9	0.0
1.4922056585E9	0.0
1.492249306E9	0.0
1.492292934E9	0.0
1.4923365375E9	0.0
1.4923801225E9	0.0
1.4924237025E9	0.0
1.492467267E9	0.0
1.492510817E9	0.0
1.4925543325E9	0.0
1.4925978135E9	0.0
1.4926412915E9	0.0
1.4926847455E9	0.0
1.4927281115E9	0.0
1.49277138E9	0.0
1.4928146005E9	0.0
1.492857802E9	0.0
1.4929009985E9	0.0
1.4929441855E9	0.0
1.4929873635E9	0.0
1.4930305305E9	0.0
1.493073666E9	0.0
1.493116759E9	0.0
1.493159827E9	0.0
1.493202872E9	0.0
1.4932458955E9	0.0
1.493288912E9	0.0
1.4933319135E9	0.0
1.4933748855E9	0.0
1.4934178335E9	0.0
1.49346076E9	0.0
1.4935036525E9	0.0
1.493546522E9	0.0
1.493589381E9	0.0
1.493632207E9	0.0
1.493674998E9	0.0
1.4937177775E9	0.0
1.493760539E9	0.0
1.493803277E9	0.0
1.4938459955E9	0.0
1.493888642E9	0.0
1.493931208E9	0.0
1.4939737295E9	0.0
1.494016196E9	0.0
1.4940586255E9	0.0
1.494101034E9	0.0
1.494143386E9	0.0
1.4941856805E9	0.0
1.4942279585E9	0.0
1.4942702145E9	0.0
1.494312442E9	0.0
1.4943546495E9	0.0
1.494396838E9	0.0
1.494439018E9	0.0
1.4944811245E9	0.0
1.4945231445E9	0.0
1.494565144E9	0.0
1.4946071355E9	0.0
1.4946491245E9	0.0
1.494691102E9	0.0
1.494733054E9	0.0
1.494774986E9	0.0
1.4948169115E9	0.0
1.49485879E9	0.0
1.494900609E9	0.0
1.4949424005E9	0.0
1.494984173E9	0.0
1.495025928E9	0.0
1.495067659E9	0.0
1.495109348E9	0.0
1.4951509875E9	0.0
1.495192596E9	0.0
1.4952231095E9	0.0
1.495243906E9	0.0
1.495275781E9	0.0
1.495317349E9	0.0
1.495358892E9	0.0
1.4954004145E9	0.0
1.495441905E9	0.0
1.4954833735E9	0.0
1.4955248E9	0.0
1.495566187E9	0.0
1.4956075395E9	0.0
1.495648783E9	0.0
1.4956899355E9	0.0
1.4957310675E9	0.0
1.495772172E9	0.0
1.4958132545E9	0.0
1.495854336E9	0.0
1.4958953875E9	0.0
1.4959363985E9	0.0
1.4959773835E9	0.0
1.4960183525E9	0.0
1.4960592985E9	0.0
1.4961001845E9	0.0
1.49614101E9	0.0
1.4961817895E9	0.0
1.496222536E9	0.0
1.496263254E9	0.0
1.4963039235E9	0.0
1.4963445465E9	0.0
1.496385148E9	0.0
1.4964257025E9	0.0
1.4964662115E9	0.0
1.4965067155E9	0.0
1.496547193E9	0.0
1.4965876015E9	0.0
1.49662796E9	0.0
1.496668309E9	0.0
1.4967086505E9	0.0
1.4967489645E9	0.0
1.496789165E9	0.0
1.4968292695E9	0.0
1.496869355E9	0.0
1.496909428E9	0.0
1.496949494E9	0.0
1.496989531E9	0.0
1.4970295425E9	0.0
1.497069519E9	0.0
1.4971094615E9	0.0
1.4971493925E9	0.0
1.4971892835E9	0.0
1.49722914E9	0.0
1.497268974E9	0.0
1.4973087875E9	0.0
1.4973485995E9	0.0
1.4973883985E9	0.0
1.497428166E9	0.0
1.4974679105E9	0.0
1.497507626E9	0.0
1.4975473125E9	0.0
1.4975869945E9	0.0
1.4976266755E9	0.0
1.4976663455E9	0.0
1.4977060025E9	0.0
1.497745653E9	0.0
1.497785297E9	0.0
1.49782493E9	0.0
1.497864541E9	0.0
1.4979041315E9	0.0
1.4979437065E9	0.0
1.4979832685E9	0.0
1.4980228115E9	0.0
1.4980623115E9	0.0
1.498101774E9	0.0
1.498141222E9	0.0
1.4981806635E9	0.0
1.498220084E9	0.0
1.498259483E9	0.0
1.498298856E9	0.0
1.4983381765E9	0.0
1.4983774675E9	0.0
1.4984167335E9	0.0
1.4984559575E9	0.0
1.4984951625E9	0.0
1.498534363E9	0.0
1.4985735515E9	0.0
1.4986127065E9	0.0
1.498651814E9	0.0
1.498690893E9	0.0
1.4987299515E9	0.0
1.49876899E9	0.0
1.498808022E9	0.0
1.4988470355E9	0.0
1.4988859755E9	0.0
1.498924857E9	0.0
1.498963734E9	0.0
1.499002572E9	0.0
1.499041365E9	0.0
1.499080101E9	0.0
1.499118788E9	0.0
1.4991574705E9	0.0
1.499196124E9	0.0
1.4992347455E9	0.0
1.4992733535E9	0.0
1.499311954E9	0.0
1.499350539E9	0.0
1.499389088E9	0.0
1.4994276105E9	0.0
1.499466114E9	0.0
1.499504591E9	0.0
1.499543027E9	0.0
1.4995814235E9	0.0
1.499619808E9	0.0
1.4996581885E9	0.0
1.4996965595E9	0.0
1.4997349165E9	0.0
1.499773247E9	0.0
1.4998115515E9	0.0
1.499849847E9	0.0
1.499888138E9	0.0
1.499926422E9	0.0
1.4999646995E9	0.0
1.5000029725E9	0.0
1.500041224E9	0.0
1.50007944E9	0.0
1.500117618E9	0.0
1.500155769E9	0.0
1.500193863E9	0.0
1.500231898E9	0.0
1.500269916E9	0.0
1.500307908E9	0.0
1.500345875E9	0.0
1.500383832E9	0.0
1.500404725E9	0.0
1.5004237005E9	0.0
1.50045972E9	0.0
1.500497618E9	0.0
1.5005354845E9	0.0
1.5005733095E9	0.0
1.500611102E9	0.0
1.5006488865E9	0.0
1.500686649E9	0.0
1.5007243605E9	0.0
1.5007620315E9	0.0
1.500799694E9	0.0
1.5008373425E9	0.0
1.500874906E9	0.0
1.5009123875E9	0.0
1.500949841E9	0.0
1.5009872685E9	0.0
1.5010246615E9	0.0
1.501061985E9	0.0
1.501099249E9	0.0
1.501136492E9	0.0
1.5011737215E9	0.0
1.501210923E9	0.0
1.50124809E9	0.0
1.501285215E9	0.0
1.501322307E9	0.0
1.501359365E9	0.0
1.5013963865E9	0.0
1.501433386E9	0.0
1.501470374E9	0.0
1.501507337E9	0.0
1.5015442575E9	0.0
1.501581157E9	0.0
1.50161803E9	0.0
1.5016548745E9	0.0
1.501691682E9	0.0
1.5017284435E9	0.0
1.5017651905E9	0.0
1.5018019355E9	0.0
1.50183864E9	0.0
1.501875296E9	0.0
1.5019119385E9	0.0
1.50194856E9	0.0
1.5019851445E9	0.0
1.5020216985E9	0.0
1.5020582315E9	0.0
1.5020947095E9	0.0
1.502131142E9	0.0
1.502167522E9	0.0
1.5022038415E9	0.0
1.502240145E9	0.0
1.502276441E9	0.0
1.50231273E9	0.0
1.502348999E9	0.0
1.502385245E9	0.0
1.5024214795E9	0.0
1.5024577025E9	0.0
1.5024938985E9	0.0
1.502530033E9	0.0
1.5025661175E9	0.0
1.502602189E9	0.0
1.502638249E9	0.0
1.5026742875E9	0.0
1.5027103025E9	0.0
1.502746294E9	0.0
1.502782259E9	0.0
1.5028181925E9	0.0
1.502854099E9	0.0
1.5028899725E9	0.0
1.502925804E9	0.0
1.502961606E9	0.0
1.5029973855E9	0.0
1.5030331325E9	0.0
1.5030688485E9	0.0
1.503104555E9	0.0
1.503140255E9	0.0
1.503175928E9	0.0
1.5032115695E9	0.0
1.5032471955E9	0.0
1.5032828015E9	0.0
1.50331836E9	0.0
1.50335387E9	0.0
1.5033893295E9	0.0
1.5034247285E9	0.0
1.503460104E9	0.0
1.503495445E9	0.0
1.503530724E9	0.0
1.5035659405E9	0.0
1.5036011195E9	0.0
1.503636254E9	0.0
1.503671334E9	0.0
1.5037063995E9	0.0
1.503741444E9	0.0
1.503776449E9	0.0
1.5038114115E9	0.0
1.503846299E9	0.0
1.503881127E9	0.0
1.5039159195E9	0.0
1.5039506705E9	0.0
1.5039854075E9	0.0
1.504020135E9	0.0
1.504054837E9	0.0
1.5040894825E9	0.0
1.5041240685E9	0.0
1.5041586215E9	0.0
1.5041931505E9	0.0
1.504227663E9	0.0
1.504262158E9	0.0
1.5042966265E9	0.0
1.5043310615E9	0.0
1.504365423E9	0.0
1.504399667E9	0.0
1.504433829E9	0.0
1.504467965E9	0.0
1.504502076E9	0.0
1.504536103E9	0.0
1.504570051E9	0.0
1.5046039705E9	0.0
1.5046378695E9	0.0
1.504671739E9	0.0
1.5047055835E9	0.0
1.5047394045E9	0.0
1.504773183E9	0.0
1.504806934E9	0.0
1.5048406455E9	0.0
1.5048743225E9	0.0
1.5049079935E9	0.0
1.5049416565E9	0.0
1.504975286E9	0.0
1.505008816E9	0.0
1.5050422405E9	0.0
1.5050756215E9	0.0
1.505108884E9	0.0
1.5051420155E9	0.0
1.5051750625E9	0.0
1.5052080455E9	0.0
1.5052410265E9	0.0
1.5052739805E9	0.0
1.5053068895E9	0.0
1.505339751E9	0.0
1.505372562E9	0.0
1.5054053465E9	0.0
1.5054381255E9	0.0
1.5054708915E9	0.0
1.505503631E9	0.0
1.5055363455E9	0.0
1.505566577E9	0.0
1.5055829115E9	0.0
1.505601684E9	0.0
1.5056343185E9	0.0
1.5056669395E9	0.0
1.5056995295E9	0.0
1.505732098E9	0.0
1.5057646435E9	0.0
1.505797145E9	0.0
1.505829621E9	0.0
1.5058620535E9	0.0
1.505894386E9	0.0
1.5059266525E9	0.0
1.505958904E9	0.0
1.5059911385E9	0.0
1.5060233395E9	0.0
1.5060555175E9	0.0
1.5060876535E9	0.0
1.506119743E9	0.0
1.506151819E9	0.0
1.506183868E9	0.0
1.5062158925E9	0.0
1.506247826E9	0.0
1.506279664E9	0.0
1.5063114845E9	0.0
1.506343278E9	0.0
1.5063750415E9	0.0
1.506406781E9	0.0
1.5064384905E9	0.0
1.506470146E9	0.0
1.506501692E9	0.0
1.506533151E9	0.0
1.5065645925E9	0.0
1.506596023E9	0.0
1.506627442E9	0.0
1.506658755E9	0.0
1.5066899055E9	0.0
1.506720874E9	0.0
1.506751704E9	0.0
1.506782515E9	0.0
1.5068133055E9	0.0
1.506844035E9	0.0
1.50687466E9	0.0
1.5069052145E9	0.0
1.5069357535E9	0.0
1.5069662725E9	0.0
1.506996753E9	0.0
1.5070271395E9	0.0
1.5070574245E9	0.0
1.507087648E9	0.0
1.5071177755E9	0.0
1.507147721E9	0.0
1.5071775345E9	0.0
1.5072073085E9	0.0
1.507237035E9	0.0
1.5072667225E9	0.0
1.5072963735E9	0.0
1.5073259925E9	0.0
1.507355585E9	0.0
1.5073851135E9	0.0
1.50741454E9	0.0
1.507443907E9	0.0
1.5074732345E9	0.0
1.5075025255E9	0.0
1.5075318105E9	0.0
1.507561084E9	0.0
1.507590314E9	0.0
1.5076195035E9	0.0
1.507648598E9	0.0
1.5076775175E9	0.0
1.507706322E9	0.0
1.5077350905E9	0.0
1.507763837E9	0.0
1.5077925115E9	0.0
1.50782111E9	0.0
1.5078496685E9	0.0
1.5078781985E9	0.0
1.507906689E9	0.0
1.5079351245E9	0.0
1.5079634975E9	0.0
1.5079918035E9	0.0
1.5080200785E9	0.0
1.508048329E9	0.0
1.508076506E9	0.0
1.508104629E9	0.0
1.508132657E9	0.0
1.508160574E9	0.0
1.5081884185E9	0.0
1.50821617E9	0.0
1.5082438665E9	0.0
1.508271512E9	0.0
1.5082991E9	0.0
1.5083265915E9	0.0
1.508354007E9	0.0
1.5083813975E9	0.0
1.508408744E9	0.0
1.5084360505E9	0.0
1.508463327E9	0.0
1.5084905655E9	0.0
1.50851775E9	0.0
1.5085448665E9	0.0
1.5085718775E9	0.0
1.508598808E9	0.0
1.5086257175E9	0.0
1.5086525355E9	0.0
1.508679233E9	0.0
1.5087058445E9	0.0
1.508732393E9	0.0
1.508758876E9	0.0
1.5087851315E9	0.0
1.5088111715E9	0.0
1.5088371435E9	0.0
1.5088630485E9	0.0
1.5088889005E9	0.0
1.508914519E9	0.0
1.5089397605E9	0.0
1.508964792E9	0.0
1.5089897535E9	0.0
1.5090146965E9	0.0
1.5090395665E9	0.0
1.5090643255E9	0.0
1.509089005E9	0.0
1.5091136205E9	0.0
1.509138154E9	0.0
1.509162569E9	0.0
1.5091868865E9	0.0
1.509211163E9	0.0
1.509235372E9	0.0
1.50925949E9	0.0
1.509283547E9	0.0
1.509307566E9	0.0
1.5093315725E9	0.0
1.509355526E9	0.0
1.5093793655E9	0.0
1.509403033E9	0.0
1.509426582E9	0.0
1.509450097E9	0.0
1.509473389E9	0.0
1.50949646E9	0.0
1.5095194575E9	0.0
1.509542382E9	0.0
1.5095652555E9	0.0
1.5095880415E9	0.0
1.509610702E9	0.0
1.509633261E9	0.0
1.5096556815E9	0.0
1.5096777265E9	0.0
1.5096994395E9	0.0
1.5097210525E9	0.0
1.5097426285E9	0.0
1.5097642005E9	0.0
1.509785745E9	0.0
1.509807233E9	0.0
1.5098286475E9	0.0
1.5098498425E9	0.0
1.5098707615E9	0.0
1.5098914185E9	0.0
1.509911901E9	0.0
1.509932343E9	0.0
1.5099521495E9	0.0
1.509971254E9	0.0
1.509990083E9	0.0
1.5100085245E9	0.0
1.5100265955E9	0.0
1.5100444465E9	0.0
1.5100622275E9	0.0
1.510079773E9	0.0
1.5100969345E9	0.0
1.51011384E9	0.0
1.510130501E9	0.0
1.5101463325E9	0.0
1.5101613985E9	0.0
1.5101762635E9	0.0
1.5101909225E9	0.0
1.5102053285E9	0.0
1.5102194025E9	0.0
1.510233273E9	0.0
1.5102466855E9	0.0
1.510259005E9	0.0
1.510270233E9	0.0
1.510279609E9	0.0
1.5102840825E9	0.0
1.5105194275E9	21.39541234285203
1.5133411805E9	15.060642157998604
1.5185149965E9	12.279812138096363
1.5236888125E9	15.031050017871012
1.5288626285E9	6.820244192115727
1.5340364445E9	7.3454573496725
1.5392102605E9	9.298002047828419
1.5443840765E9	9.322835045004858
1.5495578925E9	7.888352548871438
1.5547317085E9	8.697103113576333
1.5599055245E9	8.691673931507104
1.5650793405E9	8.696055836657127
1.5702531565E9	7.928579355941709
1.5754269725E9	7.284180082265567
1.5806007885E9	7.469318183245142
1.5857746045E9	9.277293790805334
1.5909484205E9	6.97239435729339
1.5961222365E9	7.6901122991702975
1.6012960525E9	8.384125960307633
1.6064698685E9	7.971043430430431
1.6116436845E9	8.353712795654333
1.6168175005E9	7.534404830681669
1.6219913165E9	9.661495800576674
1.6271651325E9	6.249749493868488
1.6323389485E9	7.805392866822803
1.6375127645E9	5.761218204399929
1.6426865805E9	7.549443728539711
1.6478603965E9	9.318677338725562
1.6530342125E9	7.761183528472955
1.6582080285E9	8.83730012275633
1.6633818445E9	7.723051760591903
1.6685556605E9	15.863756961657083
1.6737294765E9	16.141792251828072
1.6789032925E9	16.882954209461346
1.6840771085E9	9.049836443061553
1.6892509245E9	7.230805566235416
1.6944247405E9	9.499222673876147
1.6995985565E9	7.833424804765823
1.7047723725E9	8.369008148171169
1.7099461885E9	9.316843203528816
1.7151200045E9	8.060511623870763
1.7202938205E9	7.1912340846745195
1.7254676365E9	15.763042482818438
1.7306414525E9	30.79967776243129
1.7351936765E9	14.487243401842257
1.7377805845E9	5.001384259436848
1.7409890845E9	8.3967295621775
1.7461629005E9	9.245160244584792
1.7513367165E9	7.128468195654746
1.7565105325E9	9.82735450652168
1.7616843485E9	15.003953355536703
1.7668581645E9	15.93071999652423
1.7720319805E9	19.93544621342156
1.7772057965E9	8.654926672850943
1.7823796125E9	6.593203066459788
1.7875534285E9	5.977902842915302
1.7927272445E9	9.674207647000443
1.7979010605E9	9.01995013916463
1.8030748765E9	12.020988751826176
1.8082486925E9	5.587660087243868
1.8134225085E9	9.003958772895697
1.8185963245E9	8.610467080608087
1.8237701405E9	12.50537845302944
1.8289439565E9	10.828014855767133
1.8341177725E9	11.052798626959003
1.8392915885E9	10.925151441302171
1.8444654045E9	6.1842959285890995
1.8496392205E9	6.605379819087623
1.8548130365E9	7.9135688495008605
1.8599868525E9	8.286306717221336
1.8651606685E9	8.78035777426013
1.8703344845E9	12.663658213767848
1.8755083005E9	5.772985672632682
1.8806821165E9	6.074572873014758
1.8858559325E9	9.36783958304109
1.8910297485E9	12.775171678510821
1.8962035645E9	10.03448385895821
1.9013773805E9	7.239049739078709
1.9065511965E9	6.124674496106656
1.9117250125E9	9.153422503740304
1.9168988285E9	10.576729368134814
1.9220726445E9	8.60837897967607
1.9272464605E9	8.411059676424166
1.9324202765E9	6.864116911058508
1.9375940925E9	4.440017852403246
1.9427679085E9	6.861937370224034
1.9479417245E9	8.471777215564655
1.9531155405E9	8.785235644531555
1.9582893565E9	8.665321290792509
1.9634631725E9	8.135255913768017
1.9686369885E9	7.405762324766094
1.9738108045E9	7.354129059913687
1.9789846205E9	7.550581833230196
1.9841584365E9	6.765479642409406
1.9893322525E9	8.313567273377348
1.9945060685E9	8.913725255842213
1.9996798845E9	8.445467373357246
2.0048537005E9	8.886345919920496
2.0087998005E9	15.79502389300563
2.0113867085E9	0.0
2.012707285E9	0.0
2.0133237175E9	0.0
2.0142256065E9	0.0
2.014882626E9	0.0
2.0154317445E9	0.0
2.0159671605E9	0.0
2.0164471485E9	0.0
2.016867562E9	0.0
2.0172763385E9	0.0
2.017633965E9	0.0
2.0178137045E9	0.0
2.018017881E9	0.0
2.018372564E9	0.0
2.0187244125E9	0.0
2.019068249E9	0.0
2.0194017395E9	0.0
2.0197293045E9	0.0
2.0200521545E9	0.0
2.0203676775E9	0.0
2.0206731925E9	0.0
2.020965542E9	0.0
2.021247741E9	0.0
2.021528993E9	0.0
2.0218100865E9	0.0
2.022087393E9	0.0
2.0223603915E9	0.0
2.022632681E9	0.0
2.0228654175E9	0.0
2.0229999175E9	0.0
2.0231705325E9	0.0
2.0234354265E9	0.0
2.0236989015E9	0.0
2.023956802E9	0.0
2.0242093675E9	0.0
2.024458086E9	0.0
2.0247029895E9	0.0
2.024945864E9	0.0
2.0251865415E9	0.0
2.0254252815E9	0.0
2.025662492E9	0.0
2.0258991385E9	0.0
2.0261344615E9	0.0
2.026367172E9	0.0
2.0265980485E9	0.0
2.0268285295E9	0.0
2.0270544955E9	0.0
2.027275914E9	0.0
2.0274943025E9	0.0
2.0277095315E9	0.0
2.027923316E9	0.0
2.02808275E9	0.0
2.028188811E9	0.0
2.0283471585E9	0.0
2.0285549325E9	0.0
2.028757275E9	0.0
2.028956563E9	0.0
2.029154291E9	0.0
2.0293509875E9	0.0
2.0295467625E9	0.0
2.02973806E9	0.0
2.029924572E9	0.0
2.0301099805E9	0.0
2.0302952755E9	0.0
2.030479792E9	0.0
2.030663529E9	0.0
2.030846841E9	0.0
2.031029411E9	0.0
2.031211115E9	0.0
2.0313922435E9	0.0
2.031572786E9	0.0
2.0317516215E9	0.0
2.031928838E9	0.0
2.0321052615E9	0.0
2.032281231E9	0.0
2.032455646E9	0.0
2.032628276E9	0.0
2.032800128E9	0.0
2.032971301E9	0.0
2.033142066E9	0.0
2.033268507E9	0.0
2.0333531555E9	0.0
2.0334809135E9	0.0
2.0336480925E9	0.0
2.0338128535E9	0.0
2.0339761425E9	0.0
2.0341380805E9	0.0
2.034298919E9	0.0
2.0344586595E9	0.0
2.0346173075E9	0.0
2.0347746535E9	0.0
2.034930657E9	0.0
2.035085928E9	0.0
2.0352402435E9	0.0
2.035392005E9	0.0
2.035541193E9	0.0
2.035689646E9	0.0
2.0358375185E9	0.0
2.0359837345E9	0.0
2.036128546E9	0.0
2.0362729875E9	0.0
2.036416787E9	0.0
2.0365600645E9	0.0
2.036702872E9	0.0
2.036845241E9	0.0
2.0369851555E9	0.0
2.037122733E9	0.0
2.037259843E9	0.0
2.037396497E9	0.0
2.0375330955E9	0.0
2.0376694145E9	0.0
2.0378054315E9	0.0
2.0379412555E9	0.0
2.038076349E9	0.0
2.0382095985E9	0.0
2.0383415415E9	0.0
2.0384454925E9	0.0
2.0385109815E9	0.0
2.038603618E9	0.0
2.038733643E9	0.0
2.0388626705E9	0.0
2.0389910665E9	0.0
2.0391193005E9	0.0
2.0392473005E9	0.0
2.039374642E9	0.0
2.039501276E9	0.0
2.0396271785E9	0.0
2.03975221E9	0.0
2.03987604E9	0.0
2.0399980765E9	0.0
2.040119332E9	0.0
2.040240472E9	0.0
2.040361422E9	0.0
2.0404819095E9	0.0
2.0406018455E9	0.0
2.0407201845E9	0.0
2.0408360875E9	0.0
2.0409509815E9	0.0
2.0410657485E9	0.0
2.041180315E9	0.0
2.041294281E9	0.0
2.041407048E9	0.0
2.0415190925E9	0.0
2.0416304535E9	0.0
2.041741021E9	0.0
2.0418509485E9	0.0
2.0419598345E9	0.0
2.0420677755E9	0.0
2.042174546E9	0.0
2.042280328E9	0.0
2.0423856265E9	0.0
2.042489892E9	0.0
2.0425932815E9	0.0
2.0426964155E9	0.0
2.0427989735E9	0.0
2.042900635E9	0.0
2.0430013815E9	0.0
2.043100833E9	0.0
2.0431992955E9	0.0
2.0432976E9	0.0
2.04339588E9	0.0
2.043493869E9	0.0
2.0435915755E9	0.0
2.043648872E9	0.0
2.0436976845E9	0.0
2.0437868355E9	0.0
2.0438843855E9	0.0
2.043981707E9	0.0
2.044078815E9	0.0
2.0441757205E9	0.0
2.044272411E9	0.0
2.0443688475E9	0.0
2.0444648435E9	0.0
2.0445596995E9	0.0
2.0446531425E9	0.0
2.0447458375E9	0.0
2.0448380625E9	0.0
2.0449295735E9	0.0
2.0450204935E9	0.0
2.045110887E9	0.0
2.045200554E9	0.0
2.0452891795E9	0.0
2.045376969E9	0.0
2.0454646615E9	0.0
2.0455520825E9	0.0
2.045639142E9	0.0
2.045726059E9	0.0
2.045812597E9	0.0
2.045898772E9	0.0
2.045984586E9	0.0
2.0460697495E9	0.0
2.0461545695E9	0.0
2.046239208E9	0.0
2.0463236285E9	0.0
2.046407633E9	0.0
2.0464910975E9	0.0
2.0465742655E9	0.0
2.046657312E9	0.0
2.046739974E9	0.0
2.0468221865E9	0.0
2.0469043015E9	0.0
2.046985793E9	0.0
2.0470664825E9	0.0
2.04714687E9	0.0
2.04722706E9	0.0
2.0473069205E9	0.0
2.0473860855E9	0.0
2.047464717E9	0.0
2.047542979E9	0.0
2.0476208505E9	0.0
2.0476985055E9	0.0
2.0477760255E9	0.0
2.0478535E9	0.0
2.04793091E9	0.0
2.0480081665E9	0.0
2.0480853045E9	0.0
2.048162422E9	0.0
2.048239398E9	0.0
2.0483161975E9	0.0
2.0483927155E9	0.0
2.048468855E9	0.0
2.0485448455E9	0.0
2.0486206495E9	0.0
2.048696086E9	0.0
2.0487710125E9	0.0
2.0488197255E9	0.0
2.0488570075E9	0.0
2.0489199395E9	0.0
2.0489939725E9	0.0
2.0490679045E9	0.0
2.0491416005E9	0.0
2.049214953E9	0.0
2.0492880915E9	0.0
2.0493611205E9	0.0
2.0494340255E9	0.0
2.049506678E9	0.0
2.049578997E9	0.0
2.049651126E9	0.0
2.049723233E9	0.0
2.04979512E9	0.0
2.0498666485E9	0.0
2.0499378035E9	0.0
2.050008669E9	0.0
2.0500794E9	0.0
2.0501499975E9	0.0
2.050220518E9	0.0
2.05029082E9	0.0
2.050360717E9	0.0
2.0504299665E9	0.0
2.0504987035E9	0.0
2.0505672185E9	0.0
2.050635448E9	0.0
2.0507034935E9	0.0
2.050771266E9	0.0
2.0508387725E9	0.0
2.0509061565E9	0.0
2.050973417E9	0.0
2.051040481E9	0.0
2.0511073505E9	0.0
2.0511740955E9	0.0
2.0512407225E9	0.0
2.051307197E9	0.0
2.0513735395E9	0.0
2.0514398445E9	0.0
2.051506139E9	0.0
2.0515723595E9	0.0
2.0516384915E9	0.0
2.0517045665E9	0.0
2.0517705855E9	0.0
2.0518365355E9	0.0
2.051902365E9	0.0
2.0519680565E9	0.0
2.052033518E9	0.0
2.052098713E9	0.0
2.0521637385E9	0.0
2.052228643E9	0.0
2.0522934775E9	0.0
2.052358276E9	0.0
2.0524229615E9	0.0
2.052487482E9	0.0
2.052551882E9	0.0
2.0526161995E9	0.0
2.052680475E9	0.0
2.0527447265E9	0.0
2.052808914E9	0.0
2.0528730515E9	0.0
2.052936994E9	0.0
2.053000715E9	0.0
2.0530644045E9	0.0
2.053128084E9	0.0
2.0531916775E9	0.0
2.0532551615E9	0.0
2.053318587E9	0.0
2.0533819555E9	0.0
2.053445288E9	0.0
2.0535085465E9	0.0
2.053571685E9	0.0
2.0536343475E9	0.0
2.053696563E9	0.0
2.053758747E9	0.0
2.053820909E9	0.0
2.053883043E9	0.0
2.0539451025E9	0.0
2.0539905275E9	0.0
2.0540215E9	0.0
2.0540690195E9	0.0
2.0541309245E9	0.0
2.0541927765E9	0.0
2.054254593E9	0.0
2.0543163305E9	0.0
2.054377981E9	0.0
2.0544395975E9	0.0
2.054501172E9	0.0
2.054562708E9	0.0
2.0546242315E9	0.0
2.0546856965E9	0.0
2.0547470465E9	0.0
2.054808291E9	0.0
2.0548694895E9	0.0
2.054930601E9	0.0
2.0549916175E9	0.0
2.0550526065E9	0.0
2.0551135575E9	0.0
2.055174465E9	0.0
2.0552353545E9	0.0
2.055296134E9	0.0
2.0553566525E9	0.0
2.055417009E9	0.0
2.0554771825E9	0.0
2.0555371745E9	0.0
2.055597057E9	0.0
2.055656832E9	0.0
2.055716482E9	0.0
2.0557759925E9	0.0
2.055835433E9	0.0
2.055894771E9	0.0
2.0559540215E9	0.0
2.0560130765E9	0.0
2.0560719645E9	0.0
2.056130841E9	0.0
2.0561896915E9	0.0
2.056248521E9	0.0
2.056307024E9	0.0
2.0563651135E9	0.0
2.056423004E9	0.0
2.056480485E9	0.0
2.056537637E9	0.0
2.0565947405E9	0.0
2.0566517835E9	0.0
2.0567087165E9	0.0
2.056765451E9	0.0
2.056821998E9	0.0
2.0568784445E9	0.0
2.056934791E9	0.0
2.0569910545E9	0.0
2.0570472855E9	0.0
2.057103487E9	0.0
2.0571595855E9	0.0
2.0572155025E9	0.0
2.0572712245E9	0.0
2.057326847E9	0.0
2.0573823645E9	0.0
2.057437781E9	0.0
2.057493164E9	0.0
2.0575484995E9	0.0
2.05760373E9	0.0
2.0576588685E9	0.0
2.0577139355E9	0.0
2.0577689315E9	0.0
2.0578239195E9	0.0
2.057878902E9	0.0
2.057933777E9	0.0
2.0579884845E9	0.0
2.0580431165E9	0.0
2.058097727E9	0.0
2.05815231E9	0.0
2.0582067325E9	0.0
2.058260974E9	0.0
2.058315129E9	0.0
2.0583692185E9	0.0
2.05842327E9	0.0
2.058477297E9	0.0
2.0585313105E9	0.0
2.058585287E9	0.0
2.0586391865E9	0.0
2.058693023E9	0.0
2.0587468175E9	0.0
2.0588005E9	0.0
2.0588540625E9	0.0
2.0589075495E9	0.0
2.058960981E9	0.0
2.059014389E9	0.0
2.059067673E9	0.0
2.0591208205E9	0.0
2.059163076E9	0.0
2.059189619E9	0.0
2.0592269795E9	0.0
2.059279992E9	0.0
2.0593329825E9	0.0
2.0593858185E9	0.0
2.0594384305E9	0.0
2.059490885E9	0.0
2.0595432645E9	0.0
2.0595955855E9	0.0
2.0596477675E9	0.0
2.059699862E9	0.0
2.059751948E9	0.0
2.0598040055E9	0.0
2.0598560135E9	0.0
2.0599079495E9	0.0
2.0599597635E9	0.0
2.0600113985E9	0.0
2.0600629095E9	0.0
2.0601143935E9	0.0
2.0601657865E9	0.0
2.0602169615E9	0.0
2.0602678705E9	0.0
2.0603186035E9	0.0
2.0603692295E9	0.0
2.060419725E9	0.0
2.060470132E9	0.0
2.06052038E9	0.0
2.060570481E9	0.0
2.0606204435E9	0.0
2.06067023E9	0.0
2.06071997E9	0.0
2.060769706E9	0.0
2.060819393E9	0.0
2.060868933E9	0.0
2.060918284E9	0.0
2.0609675205E9	0.0
2.061016628E9	0.0
2.061065573E9	0.0
2.061114397E9	0.0
2.0611631105E9	0.0
2.061211492E9	0.0
2.061259497E9	0.0
2.061307319E9	0.0
2.0613550415E9	0.0
2.0614027295E9	0.0
2.061450387E9	0.0
2.061498029E9	0.0
2.0615456225E9	0.0
2.061593126E9	0.0
2.061640529E9	0.0
2.061687757E9	0.0
2.0617347625E9	0.0
2.061781654E9	0.0
2.061828524E9	0.0
2.0618753855E9	0.0
2.061922146E9	0.0
2.061968779E9	0.0
2.0620153705E9	0.0
2.0620619385E9	0.0
2.0621083935E9	0.0
2.062154738E9	0.0
2.0622010015E9	0.0
2.062247173E9	0.0
2.0622933155E9	0.0
2.0623394475E9	0.0
2.062385446E9	0.0
2.0624312625E9	0.0
2.062476887E9	0.0
2.0625223535E9	0.0
2.0625677955E9	0.0
2.0626131705E9	0.0
2.0626584765E9	0.0
2.0627035625E9	0.0
2.062748417E9	0.0
2.062793173E9	0.0
2.0628376835E9	0.0
2.062881954E9	0.0
2.0629261195E9	0.0
2.062970238E9	0.0
2.0630142905E9	0.0
2.0630582625E9	0.0
2.0631021875E9	0.0
2.0631460875E9	0.0
2.0631899665E9	0.0
2.0632338255E9	0.0
2.063277676E9	0.0
2.0633214535E9	0.0
2.063365083E9	0.0
2.06340861E9	0.0
2.0634520775E9	0.0
2.0634954775E9	0.0
2.063538784E9	0.0
2.0635819555E9	0.0
2.063625014E9	0.0
2.0636679765E9	0.0
2.063710875E9	0.0
2.063753689E9	0.0
2.063796396E9	0.0
2.063839067E9	0.0
2.063881726E9	0.0
2.0639243715E9	0.0
2.063966989E9	0.0
2.0640095635E9	0.0
2.0640520875E9	0.0
2.064094574E9	0.0
2.0641370415E9	0.0
2.0641794945E9	0.0
2.0642218365E9	0.0
2.0642640635E9	0.0
2.0643062705E9	0.0
2.0643399765E9	0.0
2.06436102E9	0.0
2.0643904625E9	0.0
2.064432456E9	0.0
2.064474346E9	0.0
2.064516152E9	0.0
2.064557914E9	0.0
2.064599536E9	0.0
2.064641057E9	0.0
2.0646825695E9	0.0
2.064724048E9	0.0
2.064765456E9	0.0
2.0648067995E9	0.0
2.064848117E9	0.0
2.064889353E9	0.0
2.064930492E9	0.0
2.0649715775E9	0.0
2.065012547E9	0.0
2.065053387E9	0.0
2.0650941705E9	0.0
2.0651348115E9	0.0
2.065175299E9	0.0
2.0652157165E9	0.0
2.065256051E9	0.0
2.065296264E9	0.0
2.06533636E9	0.0
2.0653762875E9	0.0
2.065416072E9	0.0
2.0654558335E9	0.0
2.065495547E9	0.0
2.0655352215E9	0.0
2.065574844E9	0.0
2.0656143995E9	0.0
2.065653785E9	0.0
2.0656929715E9	0.0
2.065732097E9	0.0
2.065771194E9	0.0
2.0658102015E9	0.0
2.065849086E9	0.0
2.0658878885E9	0.0
2.065926599E9	0.0
2.0659651665E9	0.0
2.066003597E9	0.0
2.066041833E9	0.0
2.0660799315E9	0.0
2.066117971E9	0.0
2.066155951E9	0.0
2.0661939105E9	0.0
2.066231761E9	0.0
2.066269513E9	0.0
2.0663072395E9	0.0
2.0663449305E9	0.0
2.066382491E9	0.0
2.066419923E9	0.0
2.0664573405E9	0.0
2.066494663E9	0.0
2.0665318675E9	0.0
2.06656886E9	0.0
2.066605527E9	0.0
2.0666420115E9	0.0
2.066678418E9	0.0
2.0667146455E9	0.0
2.0667506425E9	0.0
2.066786533E9	0.0
2.06682234E9	0.0
2.0668580485E9	0.0
2.0668937175E9	0.0
2.066929375E9	0.0
2.066965002E9	0.0
2.067000607E9	0.0
2.0670361255E9	0.0
2.067071259E9	0.0
2.0671060455E9	0.0
2.0671407445E9	0.0
2.0671753685E9	0.0
2.0672098815E9	0.0
2.0672443075E9	0.0
2.067278715E9	0.0
2.0673130935E9	0.0
2.067347425E9	0.0
2.067381705E9	0.0
2.067415802E9	0.0
2.06744974E9	0.0
2.067483567E9	0.0
2.0675172065E9	0.0
2.067550754E9	0.0
2.067584073E9	0.0
2.0676169285E9	0.0
2.067649369E9	0.0
2.067681611E9	0.0
2.0677138205E9	0.0
2.0677460135E9	0.0
2.067778124E9	0.0
2.067810106E9	0.0
2.067842003E9	0.0
2.067873862E9	0.0
2.067905563E9	0.0
2.0679370935E9	0.0
2.0679685825E9	0.0
2.067999981E9	0.0
2.068031227E9	0.0
2.0680621725E9	0.0
2.0680928915E9	0.0
2.0681232945E9	0.0
2.0681533735E9	0.0
2.0681834185E9	0.0
2.068213411E9	0.0
2.068243323E9	0.0
2.0682731795E9	0.0
2.0683029755E9	0.0
2.0683327055E9	0.0
2.0683623225E9	0.0
2.0683917925E9	0.0
2.0684211705E9	0.0
2.0684504815E9	0.0
2.0684796705E9	0.0
2.0685086615E9	0.0
2.0685375405E9	0.0
2.0685663755E9	0.0
2.0685951705E9	0.0
2.068623879E9	0.0
2.0686525055E9	0.0
2.068681095E9	0.0
2.068709649E9	0.0
2.068738037E9	0.0
2.0687662505E9	0.0
2.068794412E9	0.0
2.068822535E9	0.0
2.068850427E9	0.0
2.068877977E9	0.0
2.0689054085E9	0.0
2.0689326215E9	0.0
2.06895959E9	0.0
2.068986372E9	0.0
2.069012931E9	0.0
2.0690394145E9	0.0
2.069065816E9	0.0
2.0690920755E9	0.0
2.0691179945E9	0.0
2.069143631E9	0.0
2.069169143E9	0.0
2.0691943855E9	0.0
2.069218939E9	0.0
2.0692429175E9	0.0
2.069266664E9	0.0
2.0692895315E9	0.0
2.069311225E9	0.0
2.0693321245E9	0.0
2.069352687E9	0.0
2.069373214E9	0.0
2.069393374E9	0.0
2.069413149E9	0.0
2.069432396E9	0.0
2.069450749E9	0.0
2.069468332E9	0.0
2.0694846915E9	0.0
2.0694999495E9	0.0
2.0695119495E9	0.0
2.069520423E9	0.0
2.0695248965E9	0.0
2.0695258965E9	0.0
