#Position (bp)	Coverage	Std
2586908.5	34.642999480460844	57.51696114769794
7760724.5	34.69929332624121	17.407436415851254
1.29345405E7	34.0677283459636	16.456809833328105
1.81083565E7	33.20467909952731	15.948836309733814
2.32821725E7	35.11848333995643	15.660969651244239
2.84559885E7	33.71022761536166	16.196649611481586
3.36298045E7	33.337259771124444	15.906038809793877
3.88036205E7	33.03865599395108	14.556864046958188
4.39774365E7	33.20104657761312	14.501428975515719
4.91512525E7	33.98521613447405	16.645702171280703
5.43250685E7	34.15549316017423	14.527686102250428
5.94988845E7	32.3843951930258	15.01372747586128
6.46727005E7	33.67423541927274	15.190753471852158
6.98465165E7	26.285931505874967	14.778528408261442
7.50203325E7	20.87496327662213	13.406523490241895
8.01941485E7	21.063628664026705	12.933954848585214
8.53679645E7	22.642234281234586	13.426405584054148
9.05417805E7	22.46068259868538	19.242166991632537
9.57155965E7	24.136403188671572	15.20336698383225
1.008894125E8	24.652724217482803	16.024110892466595
1.060632285E8	25.162597200982795	16.044565271511367
1.112370445E8	24.066216115919083	14.914140610355513
1.164108605E8	23.00460259893278	22.401413511386338
1.215846765E8	23.406063918778713	13.746178266121388
1.267584925E8	23.789761174344044	15.207961651228127
1.319323085E8	23.91665088205688	15.664822505152602
1.371061245E8	23.085254867973656	15.135281971741072
1.422799405E8	23.055660270871634	13.722473915687488
1.474537565E8	21.964888778418096	15.92287990189461
1.526275725E8	19.343525359231947	17.010830554711326
1.578013885E8	18.723907653461197	14.805744594265184
1.629752045E8	14.618125576943594	15.401177032406325
1.681490205E8	19.94452779147925	14.381649028192117
1.733228365E8	16.83452040041625	14.991760586772186
1.784966525E8	21.39190744317154	12.746927975162512
1.836704685E8	19.144305286465542	14.35004375240679
1.888442845E8	19.64383116832914	14.498611429926932
1.940181005E8	18.773708806034076	14.88954686435928
1.991919165E8	17.00158200446247	14.954203763593323
2.043657325E8	18.855235478030142	14.859083580821364
2.095395485E8	13.058133300449803	18.12190686319298
2.147133645E8	17.02400220649517	14.799547881298345
2.198871805E8	15.900747726629628	15.65816247024657
2.250609965E8	18.166192033114438	14.911175663632319
2.302348125E8	20.608763821519744	15.313039432266114
2.354086285E8	22.936891841534372	16.569325937055797
2.405824445E8	19.57505002110628	15.482408497599794
2.457562605E8	17.89786590787148	14.695029555490104
2.509300765E8	20.602783129512144	16.721861249304155
2.561038925E8	23.474395687825	15.723294868343237
2.612777085E8	17.388397847932744	15.648083065166592
2.664515245E8	20.779910997994516	16.75376516544853
2.716253405E8	18.657436793268257	15.170129977481087
2.767991565E8	21.08069498412777	13.815591127809409
2.819729725E8	19.82144687789438	17.36077987888902
2.871467885E8	20.595089968410164	13.88733288520914
2.923206045E8	15.024951795734522	14.609696050900535
2.974944205E8	16.27188906602013	13.103187274052912
3.026682365E8	19.03568468611949	11.399021402388676
3.078420525E8	19.557484069785243	12.39506146676087
3.130158685E8	20.969762937066182	13.032090849290356
3.181896845E8	21.520829693209034	12.714549770996914
3.233635005E8	20.499574588659513	12.37070149076424
3.285373165E8	18.93042195547735	12.7943161770574
3.337111325E8	20.16177305107101	12.482712402203573
3.388849485E8	19.982628682581677	12.837804386736869
3.440587645E8	21.45593948451201	13.187015334337266
3.492325805E8	21.909358972178367	13.516864595588938
3.544063965E8	15.791698622448111	13.867032483987774
3.595802125E8	16.731071997921845	13.903385526528975
3.647540285E8	16.433556392419057	13.323930127014602
3.699278445E8	20.762413661405816	17.92870183717591
3.751016605E8	24.985670537954963	18.428617967158807
3.802754765E8	26.627665923952456	16.358463049753365
3.854492925E8	22.5497868497836	18.740018617041553
3.906231085E8	26.802853638397654	19.07205028805111
3.957969245E8	30.790198955664447	16.782499807017633
4.009707405E8	27.936297889217553	17.724533292991083
4.061445565E8	27.063669446304235	21.204440556298113
4.113183725E8	27.749835517923326	18.362676193694263
4.164921885E8	24.75006494239455	18.26974604746881
4.216660045E8	24.264771495546036	18.964137499779984
4.268398205E8	25.007141344029243	19.19574679343947
4.320136365E8	31.13097566670326	16.256954820462017
4.371874525E8	30.302351301244574	17.19143106198378
4.423612685E8	31.699192626873472	18.829153189143103
4.475350845E8	31.01515979694678	18.6265412602428
4.527089005E8	28.864595687206503	28.64301410121374
4.578827165E8	30.88474213230621	17.933924276442667
4.630565325E8	26.594266978183995	19.501635231877962
4.682303485E8	32.26371076976839	17.738370186589503
4.734041645E8	28.96285314359846	19.835673199959345
4.785779805E8	31.028177461278098	20.601723765082962
4.823234295E8	25.381213526323194	20.17061004818892
4.849103375E8	36.19309183144108	25.484091304340534
4.889256125E8	35.519041844549555	15.124581600887291
4.940994285E8	33.12980805656792	16.15918943400106
4.992732445E8	36.44483549472962	20.01463260974756
5.044470605E8	35.22825183578233	15.096081077855668
5.096208765E8	35.318793130640906	15.293999753060813
5.147946925E8	36.07026612465538	14.749487636098843
5.199685085E8	35.39583974381772	15.172567890773117
5.251423245E8	35.43243710251775	14.743739943310475
5.303161405E8	35.24961479109423	14.843380150133905
5.354899565E8	34.42304384230131	16.39598079990512
5.406637725E8	36.58741265634495	18.30904680102821
5.458375885E8	35.40239196755354	13.590557098553683
5.510114045E8	37.471176593833256	14.478742870204165
5.561852205E8	28.557124180682113	14.197904372127878
5.613590365E8	29.132943653195245	14.000666554858
5.665328525E8	29.335453367495095	14.8499298404163
5.717066685E8	27.998616881620837	15.449021768959051
5.768804845E8	27.922728987656306	14.51951155936859
5.820543005E8	28.45539791132889	14.701816673058676
5.872281165E8	29.9632617394975	16.3002675197271
5.924019325E8	32.122797563732455	13.403351570205144
5.975757485E8	28.449486993739242	14.377129120077642
6.027495645E8	33.93867292536109	15.443528732794682
6.079233805E8	31.084743253335642	18.1444915452365
6.130971965E8	32.89607458015515	16.254742377565613
6.182710125E8	30.855371161247326	17.68846781807712
6.234448285E8	30.9060152119828	18.90598846260811
6.286186445E8	31.110279917182986	16.247363734516668
6.337924605E8	30.391318129597188	16.644083059960803
6.389662765E8	27.554592780261224	36.535465263148794
6.441400925E8	26.153713815875943	19.245858932232544
6.493139085E8	26.98871548582323	18.490689848178874
6.520379055E8	35.057779982347235	13.637420836011488
6.546248135E8	28.254773515920974	24.88739765705336
6.596615405E8	29.128971343395282	18.173310970938367
6.648353565E8	31.981858651332015	20.534224137289684
6.700091725E8	31.101756807741133	18.26792192288179
6.751829885E8	28.075330471744646	16.041666988048515
6.803568045E8	29.237876646560295	17.53603926882302
6.855306205E8	28.579494322952343	16.45841804407199
6.907044365E8	26.69310988253158	17.301504131543677
6.958782525E8	26.943889191266177	17.29262501928444
7.010520685E8	25.76138270089234	16.356652223792292
7.062258845E8	28.002179049274268	16.693004483356496
7.113997005E8	31.883778046996646	14.29962604488675
7.165735165E8	28.48543106287506	16.04083603523214
7.217473325E8	29.64020811718082	14.845408836415071
7.269211485E8	24.173655576464256	17.838744748218073
7.320949645E8	28.605937087828405	20.32283790904428
7.372687805E8	29.525301440948034	18.151321070994975
7.424425965E8	28.913224011058762	22.061760424794308
7.476164125E8	26.59044832672828	15.6322309126191
7.527902285E8	26.451675513779385	17.31754365231104
7.579640445E8	25.703198180994452	22.09927973009002
7.631378605E8	25.320581365862257	16.854448050322006
7.683116765E8	22.98462334184285	17.478910768685793
7.734854925E8	20.212501565575582	14.920689777921355
7.786593085E8	27.70913596463423	14.706781535264154
7.838331245E8	26.088520349390084	15.147917711798092
7.890069405E8	19.94489173948204	20.52839152461624
7.941807565E8	23.87334957408613	16.113778448190356
7.993545725E8	26.749987630020087	33.2706646912448
8.045283885E8	29.277099920059005	14.057858455847912
8.097022045E8	30.602363903161613	14.275891995571643
8.148760205E8	29.49105147921766	13.317222226461503
8.200498365E8	31.86248718547393	14.708856709176532
8.252236525E8	22.461839771650173	18.683184160350415
8.303974685E8	25.712460783298052	17.565097785837413
8.355712845E8	25.36479882547041	16.86309635694501
8.407451005E8	28.6374969654893	16.53502353382445
8.459189165E8	31.286585375281998	20.11125849452254
8.510927325E8	30.289757502006257	18.337354711297557
8.562665485E8	31.746441504684356	21.953005249692268
8.614403645E8	25.793819687441534	23.063186095345134
8.666141805E8	19.680456359483987	32.18105688353052
8.717879965E8	25.0647837109012	20.659291206957562
8.769618125E8	23.38036567206874	21.48059959999616
8.821356285E8	26.123210218531156	19.21130101048962
8.873094445E8	24.873961888091884	20.643329765132037
8.924832605E8	26.461811552633492	17.577193518076598
8.976570765E8	23.535343158705295	17.203013292395806
9.028308925E8	25.150954923793194	18.099136746388538
9.080047085E8	22.52496455227631	18.42113618791527
9.131785245E8	27.984203149087637	18.261202204251187
9.183523405E8	24.36538968529225	19.30672095124627
9.235261565E8	26.477885568408308	18.634937033369578
9.286999725E8	28.427840688574932	18.80991891000759
9.338737885E8	24.376799638796587	22.510611790755807
9.390476045E8	23.756455776548684	23.29123645742112
9.442214205E8	27.347550241446545	19.156088471358544
9.493952365E8	29.784208019767227	19.467770983282534
9.545690525E8	26.455824675635935	18.661233951240447
9.597428685E8	29.385647846773058	21.25028942145066
9.649166845E8	30.92698561371336	16.60972346251945
9.700905005E8	30.95099632456972	14.227240399806512
9.752643165E8	26.617820579626333	13.560731250312276
9.804381325E8	29.434764011708186	14.727327903995803
9.856119485E8	30.048568600042987	11.955818827561625
9.907857645E8	31.104385041911037	15.571877111378322
9.959595805E8	33.25544858959035	13.291269226749183
1.0011333965E9	33.950810774871	17.587228786270927
1.0063072125E9	27.894813422046706	15.098142806970406
1.0114810285E9	32.48874486452553	45.355179766551146
1.0166548445E9	31.24347773480928	14.230547642054505
1.0218286605E9	27.589766624866442	13.546897527590541
1.0270024765E9	30.7913035562146	15.341079176955752
1.0321762925E9	27.86918069757409	16.354478807249706
1.0373501085E9	30.19360197579504	14.947120802947301
1.0425239245E9	28.453358797452402	14.67178704045629
1.0476977405E9	26.490499468863987	14.669464145086657
1.0528715565E9	24.901436000043294	24.891001269950312
1.0580453725E9	29.67268549944567	15.381261574926091
1.0632191885E9	26.5459142729467	69.43601646237202
1.0683930045E9	30.86879278273522	15.307612576408856
1.0735668205E9	28.775373921299096	16.203842768376457
1.0787406365E9	28.952524790212873	17.050129295160428
1.0839144525E9	26.766995772559365	16.84322524667973
1.0890882685E9	24.674737756425817	26.408557717484424
1.0942620845E9	21.468061291704228	19.27292986236614
1.0994359005E9	31.05551260423641	16.3909959969115
1.1046097165E9	32.41819925563646	18.15728152340432
1.1097835325E9	36.04492525439637	17.84369695704008
1.1149573485E9	37.26959269521761	22.958947816829443
1.1181882005E9	26.170857248456386	50.726691937463414
1.1207751085E9	31.89129675073753	26.54564258649485
1.1253049805E9	31.289372872943296	24.739524152596445
1.1304787965E9	31.22591294317386	18.60588615987825
1.1356526125E9	34.72515218940913	16.429171084217142
1.1408264285E9	35.30939213918701	16.141466261054514
1.1460002445E9	33.29792845358242	18.148411532528005
1.1511740605E9	32.98327269466096	45.64254889605705
1.1563478765E9	35.17615991755408	15.010891556321988
1.1615216925E9	32.50308379733644	16.268841232832806
1.1666955085E9	33.742897505438926	16.584562197456158
1.1718693245E9	33.63658815852748	15.63950347246435
1.1770431405E9	31.647042144521567	14.629013013142531
1.1822169565E9	27.678624636051996	15.808580638812614
1.1873907725E9	27.88776079396716	13.707252597780254
1.1925645885E9	28.583264847454952	13.424876210980058
1.1977384045E9	29.60953269308379	14.941868007261466
1.2029122205E9	32.846680670514765	15.219264693716637
1.2080860365E9	26.526804200226678	16.467368671825234
1.2132598525E9	32.44024449265301	13.848838844640182
1.2184336685E9	33.91636965829477	15.421030617083332
1.2236074845E9	33.86445749133715	15.408472677118532
1.2287813005E9	34.412970813032395	15.386303616351771
1.2339551165E9	33.10865906325235	14.112093104320262
1.2391289325E9	20.817198562917582	18.61460175396456
1.2443027485E9	31.528609830732286	14.332269695097057
1.2494765645E9	31.94164403991174	15.83869250684774
1.2546503805E9	31.974355871952152	15.523909514638424
1.2598241965E9	33.89447305431813	15.435156369980563
1.2649980125E9	32.27517290912549	14.715632878644886
1.2701718285E9	31.954840102547134	17.91268087320098
1.2753456445E9	34.04633775147783	14.453198496730495
1.2805194605E9	33.79654533520326	15.399989453885672
1.2856932765E9	37.03770350549768	13.04595863749811
1.2908670925E9	31.7593149814373	15.759628046797571
1.2960409085E9	34.102055620068434	14.353813395846906
1.3012147245E9	32.633974806989656	16.701781016401505
1.3063885405E9	31.933050576209126	15.374797070177419
1.3115623565E9	32.980282638578565	15.854820284639628
1.3167361725E9	34.221482170993326	14.059263006952197
1.3219099885E9	34.70002528114645	17.764123318336864
1.3270838045E9	31.97000917697885	16.104898948248696
1.3322576205E9	30.522709736875065	14.289766851476918
1.3374314365E9	31.914267728114027	15.498838967811707
1.3426052525E9	31.66859741436495	14.563853721758367
1.3477790685E9	34.177995506604795	14.64245177755693
1.3529528845E9	32.65909205120553	16.43179034071226
1.3581267005E9	32.656746780326166	15.200108283732877
1.3633005165E9	31.4129553505575	13.8269068508063
1.3684743325E9	32.10675292665994	14.540626722755398
1.3736481485E9	32.997872363454746	15.918398307255366
1.3788219645E9	35.05548129272475	14.145331447018933
1.3839957805E9	34.93823939622128	18.548216592136495
1.3891695965E9	35.267288399896714	16.63751427427022
1.3943434125E9	34.47408006005625	18.90425961917313
1.3995172285E9	34.263756384069325	18.778531337134613
1.4046910445E9	36.24062181569658	17.247182375303197
1.4098648605E9	35.211506362035294	14.850887791155586
1.4150386765E9	33.03196789371713	13.879970017816616
1.4202124925E9	33.925400516755914	15.922033165815145
1.4253863085E9	35.35359007742061	16.914826665701895
1.4305601245E9	36.1271150732844	15.745598405646538
1.4357339405E9	35.301924536937534	16.070902570535537
1.4388118925E9	37.487121317030656	33.57347220619998
1.441065418E9	0.0	0.0
1.443161282E9	0.0	0.0
1.443735882E9	0.0	0.0
1.4442895865E9	0.0	0.0
1.444913117E9	0.0	0.0
1.4455288255E9	0.0	0.0
1.4460931365E9	0.0	0.0
1.4465982825E9	0.0	0.0
1.447080158E9	0.0	0.0
1.4475167665E9	0.0	0.0
1.447907069E9	0.0	0.0
1.4482862265E9	0.0	0.0
1.4485718975E9	0.0	0.0
1.4487481175E9	0.0	0.0
1.449001605E9	0.0	0.0
1.449343901E9	0.0	0.0
1.4496668465E9	0.0	0.0
1.449974313E9	0.0	0.0
1.4502684415E9	0.0	0.0
1.450540361E9	0.0	0.0
1.450801367E9	0.0	0.0
1.451059176E9	0.0	0.0
1.451307661E9	0.0	0.0
1.451547714E9	0.0	0.0
1.451784517E9	0.0	0.0
1.452015901E9	0.0	0.0
1.452241601E9	0.0	0.0
1.4524656315E9	0.0	0.0
1.4526889625E9	0.0	0.0
1.452904683E9	0.0	0.0
1.4531132205E9	0.0	0.0
1.4533199045E9	0.0	0.0
1.45352382E9	0.0	0.0
1.4537245535E9	0.0	0.0
1.453833122E9	0.0	0.0
1.453924137E9	0.0	0.0
1.4540967415E9	0.0	0.0
1.4542765095E9	0.0	0.0
1.454453896E9	0.0	0.0
1.454627853E9	0.0	0.0
1.454793793E9	0.0	0.0
1.454954221E9	0.0	0.0
1.455113722E9	0.0	0.0
1.4552707885E9	0.0	0.0
1.4554260495E9	0.0	0.0
1.455579934E9	0.0	0.0
1.4557323775E9	0.0	0.0
1.4558840695E9	0.0	0.0
1.4560335785E9	0.0	0.0
1.4561805565E9	0.0	0.0
1.456323842E9	0.0	0.0
1.4564639545E9	0.0	0.0
1.4566031245E9	0.0	0.0
1.4567407675E9	0.0	0.0
1.456877058E9	0.0	0.0
1.457012944E9	0.0	0.0
1.4571458465E9	0.0	0.0
1.45727575E9	0.0	0.0
1.45740535E9	0.0	0.0
1.4575345845E9	0.0	0.0
1.4576628165E9	0.0	0.0
1.457789841E9	0.0	0.0
1.457916243E9	0.0	0.0
1.4580424135E9	0.0	0.0
1.458166698E9	0.0	0.0
1.4582888625E9	0.0	0.0
1.4584101875E9	0.0	0.0
1.458530464E9	0.0	0.0
1.4586499655E9	0.0	0.0
1.458768974E9	0.0	0.0
1.4588873735E9	0.0	0.0
1.458981243E9	0.0	0.0
1.4590379465E9	0.0	0.0
1.459116151E9	0.0	0.0
1.4592278825E9	0.0	0.0
1.4593384345E9	0.0	0.0
1.45944875E9	0.0	0.0
1.4595583745E9	0.0	0.0
1.459667337E9	0.0	0.0
1.4597759645E9	0.0	0.0
1.4598837445E9	0.0	0.0
1.459990724E9	0.0	0.0
1.460095789E9	0.0	0.0
1.4601989665E9	0.0	0.0
1.460301645E9	0.0	0.0
1.460403974E9	0.0	0.0
1.4605052115E9	0.0	0.0
1.460605256E9	0.0	0.0
1.4607050395E9	0.0	0.0
1.4608042615E9	0.0	0.0
1.4609024215E9	0.0	0.0
1.4609995645E9	0.0	0.0
1.461096222E9	0.0	0.0
1.461192295E9	0.0	0.0
1.461287789E9	0.0	0.0
1.4613815225E9	0.0	0.0
1.461473124E9	0.0	0.0
1.4615641115E9	0.0	0.0
1.4616545075E9	0.0	0.0
1.461744501E9	0.0	0.0
1.461834469E9	0.0	0.0
1.461924136E9	0.0	0.0
1.462013262E9	0.0	0.0
1.4621018715E9	0.0	0.0
1.462190052E9	0.0	0.0
1.462278088E9	0.0	0.0
1.4623660525E9	0.0	0.0
1.462453646E9	0.0	0.0
1.4625403745E9	0.0	0.0
1.462626589E9	0.0	0.0
1.4627127045E9	0.0	0.0
1.4627981565E9	0.0	0.0
1.4628827705E9	0.0	0.0
1.462966956E9	0.0	0.0
1.4630510115E9	0.0	0.0
1.463134927E9	0.0	0.0
1.463218774E9	0.0	0.0
1.4633023375E9	0.0	0.0
1.46338548E9	0.0	0.0
1.463468142E9	0.0	0.0
1.4635504135E9	0.0	0.0
1.4636325945E9	0.0	0.0
1.463714703E9	0.0	0.0
1.463796391E9	0.0	0.0
1.463877603E9	0.0	0.0
1.46395871E9	0.0	0.0
1.4640394975E9	0.0	0.0
1.464119782E9	0.0	0.0
1.4641748715E9	0.0	0.0
1.4642148715E9	0.0	0.0
1.464279823E9	0.0	0.0
1.464359729E9	0.0	0.0
1.4644394325E9	0.0	0.0
1.4645190265E9	0.0	0.0
1.4645981735E9	0.0	0.0
1.464676805E9	0.0	0.0
1.4647552865E9	0.0	0.0
1.464833581E9	0.0	0.0
1.464911704E9	0.0	0.0
1.464989731E9	0.0	0.0
1.465067448E9	0.0	0.0
1.465144729E9	0.0	0.0
1.4652216595E9	0.0	0.0
1.4652981775E9	0.0	0.0
1.4653743825E9	0.0	0.0
1.4654503885E9	0.0	0.0
1.465526243E9	0.0	0.0
1.4656015175E9	0.0	0.0
1.4656759405E9	0.0	0.0
1.4657496E9	0.0	0.0
1.4658225005E9	0.0	0.0
1.465895043E9	0.0	0.0
1.4659675185E9	0.0	0.0
1.466039805E9	0.0	0.0
1.4661117355E9	0.0	0.0
1.4661832985E9	0.0	0.0
1.466254626E9	0.0	0.0
1.4663257255E9	0.0	0.0
1.466396518E9	0.0	0.0
1.4664671285E9	0.0	0.0
1.4665376735E9	0.0	0.0
1.4666082055E9	0.0	0.0
1.466678705E9	0.0	0.0
1.466748923E9	0.0	0.0
1.466818757E9	0.0	0.0
1.4668883745E9	0.0	0.0
1.466957778E9	0.0	0.0
1.467027038E9	0.0	0.0
1.4670962625E9	0.0	0.0
1.467165214E9	0.0	0.0
1.467233775E9	0.0	0.0
1.4673021245E9	0.0	0.0
1.4673703545E9	0.0	0.0
1.4674383995E9	0.0	0.0
1.4675062585E9	0.0	0.0
1.4675739715E9	0.0	0.0
1.4676414985E9	0.0	0.0
1.467708901E9	0.0	0.0
1.467776213E9	0.0	0.0
1.46784344E9	0.0	0.0
1.467910435E9	0.0	0.0
1.4679771755E9	0.0	0.0
1.468043677E9	0.0	0.0
1.4681099365E9	0.0	0.0
1.4681760955E9	0.0	0.0
1.46824219E9	0.0	0.0
1.4683081735E9	0.0	0.0
1.4683740325E9	0.0	0.0
1.468439794E9	0.0	0.0
1.46850528E9	0.0	0.0
1.468570459E9	0.0	0.0
1.468635518E9	0.0	0.0
1.4687005415E9	0.0	0.0
1.4687655415E9	0.0	0.0
1.4688305115E9	0.0	0.0
1.4688954335E9	0.0	0.0
1.4689603E9	0.0	0.0
1.4690251405E9	0.0	0.0
1.4690899665E9	0.0	0.0
1.469154765E9	0.0	0.0
1.4692194505E9	0.0	0.0
1.469283971E9	0.0	0.0
1.4693399695E9	0.0	0.0
1.469372153E9	0.0	0.0
1.469412738E9	0.0	0.0
1.4694770555E9	0.0	0.0
1.469541331E9	0.0	0.0
1.4696055825E9	0.0	0.0
1.46966977E9	0.0	0.0
1.4697338815E9	0.0	0.0
1.469797862E9	0.0	0.0
1.4698617325E9	0.0	0.0
1.4699255605E9	0.0	0.0
1.469989333E9	0.0	0.0
1.4700530585E9	0.0	0.0
1.4701167525E9	0.0	0.0
1.470180317E9	0.0	0.0
1.470243755E9	0.0	0.0
1.470307189E9	0.0	0.0
1.470370611E9	0.0	0.0
1.4704339855E9	0.0	0.0
1.470496952E9	0.0	0.0
1.4705595045E9	0.0	0.0
1.4706219125E9	0.0	0.0
1.4706842135E9	0.0	0.0
1.4707465085E9	0.0	0.0
1.47080879E9	0.0	0.0
1.4708710415E9	0.0	0.0
1.4709332695E9	0.0	0.0
1.47099544E9	0.0	0.0
1.471057448E9	0.0	0.0
1.471119294E9	0.0	0.0
1.4711810885E9	0.0	0.0
1.4712428095E9	0.0	0.0
1.4713044435E9	0.0	0.0
1.47136602E9	0.0	0.0
1.4714275425E9	0.0	0.0
1.471489006E9	0.0	0.0
1.4715503865E9	0.0	0.0
1.471611813E9	0.0	0.0
1.4716731615E9	0.0	0.0
1.471734327E9	0.0	0.0
1.471795384E9	0.0	0.0
1.4718563315E9	0.0	0.0
1.471917239E9	0.0	0.0
1.471978021E9	0.0	0.0
1.472038683E9	0.0	0.0
1.472099319E9	0.0	0.0
1.4721598115E9	0.0	0.0
1.4722201535E9	0.0	0.0
1.472280467E9	0.0	0.0
1.4723407465E9	0.0	0.0
1.4724009875E9	0.0	0.0
1.4724610955E9	0.0	0.0
1.4725209245E9	0.0	0.0
1.472580588E9	0.0	0.0
1.4726402365E9	0.0	0.0
1.472699851E9	0.0	0.0
1.47275942E9	0.0	0.0
1.4728189415E9	0.0	0.0
1.472878416E9	0.0	0.0
1.472937864E9	0.0	0.0
1.4729972445E9	0.0	0.0
1.4730564195E9	0.0	0.0
1.4731153915E9	0.0	0.0
1.4731742925E9	0.0	0.0
1.4732331755E9	0.0	0.0
1.473292052E9	0.0	0.0
1.4733508975E9	0.0	0.0
1.4734096785E9	0.0	0.0
1.473468219E9	0.0	0.0
1.473526531E9	0.0	0.0
1.47358478E9	0.0	0.0
1.473642965E9	0.0	0.0
1.473701115E9	0.0	0.0
1.473759187E9	0.0	0.0
1.4738171525E9	0.0	0.0
1.473875072E9	0.0	0.0
1.4739329595E9	0.0	0.0
1.473990813E9	0.0	0.0
1.474048623E9	0.0	0.0
1.4741063875E9	0.0	0.0
1.4741640615E9	0.0	0.0
1.474221656E9	0.0	0.0
1.4742792405E9	0.0	0.0
1.474336723E9	0.0	0.0
1.4743940615E9	0.0	0.0
1.4744512915E9	0.0	0.0
1.4745084605E9	0.0	0.0
1.4745373025E9	0.0	0.0
1.4745658825E9	0.0	0.0
1.4746227515E9	0.0	0.0
1.4746798415E9	0.0	0.0
1.474736922E9	0.0	0.0
1.4747939775E9	0.0	0.0
1.474850926E9	0.0	0.0
1.4749077785E9	0.0	0.0
1.4749645815E9	0.0	0.0
1.4750213375E9	0.0	0.0
1.475078085E9	0.0	0.0
1.475134825E9	0.0	0.0
1.475191526E9	0.0	0.0
1.475248184E9	0.0	0.0
1.475304785E9	0.0	0.0
1.475361331E9	0.0	0.0
1.475417846E9	0.0	0.0
1.4754743335E9	0.0	0.0
1.475530812E9	0.0	0.0
1.475587265E9	0.0	0.0
1.475643675E9	0.0	0.0
1.475700015E9	0.0	0.0
1.4757562905E9	0.0	0.0
1.475812363E9	0.0	0.0
1.475868203E9	0.0	0.0
1.475923985E9	0.0	0.0
1.475979756E9	0.0	0.0
1.4760355205E9	0.0	0.0
1.4760912475E9	0.0	0.0
1.4761469345E9	0.0	0.0
1.476202504E9	0.0	0.0
1.476257941E9	0.0	0.0
1.4763133535E9	0.0	0.0
1.476368758E9	0.0	0.0
1.476424068E9	0.0	0.0
1.4764792465E9	0.0	0.0
1.4765343335E9	0.0	0.0
1.476589309E9	0.0	0.0
1.4766441565E9	0.0	0.0
1.476698899E9	0.0	0.0
1.4767535E9	0.0	0.0
1.4768079975E9	0.0	0.0
1.476862488E9	0.0	0.0
1.4769169595E9	0.0	0.0
1.476971295E9	0.0	0.0
1.477025485E9	0.0	0.0
1.477079584E9	0.0	0.0
1.4771336005E9	0.0	0.0
1.4771875805E9	0.0	0.0
1.4772414615E9	0.0	0.0
1.477295249E9	0.0	0.0
1.4773490025E9	0.0	0.0
1.477402727E9	0.0	0.0
1.47745644E9	0.0	0.0
1.4775101175E9	0.0	0.0
1.47756376E9	0.0	0.0
1.4776173835E9	0.0	0.0
1.477670962E9	0.0	0.0
1.4777244945E9	0.0	0.0
1.477777974E9	0.0	0.0
1.477831364E9	0.0	0.0
1.477884697E9	0.0	0.0
1.4779380235E9	0.0	0.0
1.47799131E9	0.0	0.0
1.4780445285E9	0.0	0.0
1.478097698E9	0.0	0.0
1.4781508375E9	0.0	0.0
1.478203958E9	0.0	0.0
1.478257044E9	0.0	0.0
1.478310098E9	0.0	0.0
1.4783631485E9	0.0	0.0
1.478416185E9	0.0	0.0
1.478469181E9	0.0	0.0
1.478522147E9	0.0	0.0
1.478575098E9	0.0	0.0
1.4786279995E9	0.0	0.0
1.4786808495E9	0.0	0.0
1.478733679E9	0.0	0.0
1.478786488E9	0.0	0.0
1.4788392785E9	0.0	0.0
1.4788920575E9	0.0	0.0
1.4789447795E9	0.0	0.0
1.4789974325E9	0.0	0.0
1.4790500305E9	0.0	0.0
1.479102591E9	0.0	0.0
1.479155139E9	0.0	0.0
1.479207655E9	0.0	0.0
1.479260108E9	0.0	0.0
1.479312504E9	0.0	0.0
1.479364824E9	0.0	0.0
1.479417039E9	0.0	0.0
1.4794692055E9	0.0	0.0
1.4795213615E9	0.0	0.0
1.4795735025E9	0.0	0.0
1.47962561E9	0.0	0.0
1.479677666E9	0.0	0.0
1.4797075285E9	0.0	0.0
1.479733538E9	0.0	0.0
1.479781665E9	0.0	0.0
1.4798335805E9	0.0	0.0
1.479885453E9	0.0	0.0
1.4799372575E9	0.0	0.0
1.479989002E9	0.0	0.0
1.4800406965E9	0.0	0.0
1.4800923275E9	0.0	0.0
1.480143924E9	0.0	0.0
1.4801955155E9	0.0	0.0
1.4802471025E9	0.0	0.0
1.480298622E9	0.0	0.0
1.480350067E9	0.0	0.0
1.4804014845E9	0.0	0.0
1.4804528755E9	0.0	0.0
1.480504211E9	0.0	0.0
1.4805554605E9	0.0	0.0
1.480606667E9	0.0	0.0
1.4806578665E9	0.0	0.0
1.480709056E9	0.0	0.0
1.4807602225E9	0.0	0.0
1.480811365E9	0.0	0.0
1.4808624975E9	0.0	0.0
1.4809136255E9	0.0	0.0
1.4809647445E9	0.0	0.0
1.4810158395E9	0.0	0.0
1.4810668995E9	0.0	0.0
1.4811179405E9	0.0	0.0
1.481168939E9	0.0	0.0
1.481219894E9	0.0	0.0
1.4812708395E9	0.0	0.0
1.481321727E9	0.0	0.0
1.481372509E9	0.0	0.0
1.481423198E9	0.0	0.0
1.481473832E9	0.0	0.0
1.481524431E9	0.0	0.0
1.4815750025E9	0.0	0.0
1.481625558E9	0.0	0.0
1.481676092E9	0.0	0.0
1.4817266055E9	0.0	0.0
1.481777102E9	0.0	0.0
1.481827576E9	0.0	0.0
1.4818780295E9	0.0	0.0
1.481928471E9	0.0	0.0
1.481978899E9	0.0	0.0
1.482029302E9	0.0	0.0
1.4820796615E9	0.0	0.0
1.482129963E9	0.0	0.0
1.4821802255E9	0.0	0.0
1.4822304695E9	0.0	0.0
1.4822806935E9	0.0	0.0
1.482330906E9	0.0	0.0
1.482381076E9	0.0	0.0
1.482431195E9	0.0	0.0
1.482481296E9	0.0	0.0
1.482531365E9	0.0	0.0
1.4825813975E9	0.0	0.0
1.4826314175E9	0.0	0.0
1.4826814E9	0.0	0.0
1.482731345E9	0.0	0.0
1.4827812865E9	0.0	0.0
1.482831219E9	0.0	0.0
1.482881135E9	0.0	0.0
1.4829310385E9	0.0	0.0
1.482980926E9	0.0	0.0
1.4830307785E9	0.0	0.0
1.4830805975E9	0.0	0.0
1.4831304E9	0.0	0.0
1.48318017E9	0.0	0.0
1.483229864E9	0.0	0.0
1.4832795035E9	0.0	0.0
1.48332913E9	0.0	0.0
1.483378748E9	0.0	0.0
1.483428345E9	0.0	0.0
1.483477903E9	0.0	0.0
1.483527426E9	0.0	0.0
1.483576923E9	0.0	0.0
1.4836263665E9	0.0	0.0
1.483675744E9	0.0	0.0
1.4837250715E9	0.0	0.0
1.483774341E9	0.0	0.0
1.4838235645E9	0.0	0.0
1.4838727505E9	0.0	0.0
1.483921889E9	0.0	0.0
1.483970915E9	0.0	0.0
1.484019848E9	0.0	0.0
1.4840687615E9	0.0	0.0
1.484117657E9	0.0	0.0
1.484166493E9	0.0	0.0
1.484215264E9	0.0	0.0
1.484264022E9	0.0	0.0
1.48431274E9	0.0	0.0
1.48436142E9	0.0	0.0
1.484410068E9	0.0	0.0
1.4844586865E9	0.0	0.0
1.484507302E9	0.0	0.0
1.484555913E9	0.0	0.0
1.4846045155E9	0.0	0.0
1.484653108E9	0.0	0.0
1.484701682E9	0.0	0.0
1.484750239E9	0.0	0.0
1.4847987815E9	0.0	0.0
1.484847311E9	0.0	0.0
1.484878384E9	0.0	0.0
1.4849026435E9	0.0	0.0
1.4849443305E9	0.0	0.0
1.4849928005E9	0.0	0.0
1.485041266E9	0.0	0.0
1.4850897195E9	0.0	0.0
1.485138161E9	0.0	0.0
1.4851865935E9	0.0	0.0
1.485234967E9	0.0	0.0
1.4852832835E9	0.0	0.0
1.485331592E9	0.0	0.0
1.485379883E9	0.0	0.0
1.485428155E9	0.0	0.0
1.4854764205E9	0.0	0.0
1.485524572E9	0.0	0.0
1.4855726015E9	0.0	0.0
1.4856206075E9	0.0	0.0
1.485668588E9	0.0	0.0
1.4857165475E9	0.0	0.0
1.4857644805E9	0.0	0.0
1.485812387E9	0.0	0.0
1.485860281E9	0.0	0.0
1.4859081705E9	0.0	0.0
1.485956024E9	0.0	0.0
1.4860038335E9	0.0	0.0
1.4860516E9	0.0	0.0
1.486099321E9	0.0	0.0
1.486147028E9	0.0	0.0
1.4861947055E9	0.0	0.0
1.48624234E9	0.0	0.0
1.486289953E9	0.0	0.0
1.4863375515E9	0.0	0.0
1.486385137E9	0.0	0.0
1.486432712E9	0.0	0.0
1.4864802735E9	0.0	0.0
1.486527796E9	0.0	0.0
1.486575286E9	0.0	0.0
1.486622768E9	0.0	0.0
1.486670241E9	0.0	0.0
1.4867177115E9	0.0	0.0
1.4867651575E9	0.0	0.0
1.4868125545E9	0.0	0.0
1.486859921E9	0.0	0.0
1.4869072685E9	0.0	0.0
1.486954596E9	0.0	0.0
1.487001908E9	0.0	0.0
1.487049206E9	0.0	0.0
1.4870964905E9	0.0	0.0
1.487143726E9	0.0	0.0
1.4871909205E9	0.0	0.0
1.487238105E9	0.0	0.0
1.487285273E9	0.0	0.0
1.487332424E9	0.0	0.0
1.487379558E9	0.0	0.0
1.487426664E9	0.0	0.0
1.4874737385E9	0.0	0.0
1.487520786E9	0.0	0.0
1.487567779E9	0.0	0.0
1.487614724E9	0.0	0.0
1.487661629E9	0.0	0.0
1.4877084645E9	0.0	0.0
1.487755248E9	0.0	0.0
1.487802019E9	0.0	0.0
1.487848784E9	0.0	0.0
1.4878955195E9	0.0	0.0
1.4879422115E9	0.0	0.0
1.4879888735E9	0.0	0.0
1.488035506E9	0.0	0.0
1.4880821115E9	0.0	0.0
1.488128697E9	0.0	0.0
1.488175266E9	0.0	0.0
1.4882218265E9	0.0	0.0
1.4882683295E9	0.0	0.0
1.4883147695E9	0.0	0.0
1.4883611925E9	0.0	0.0
1.488407604E9	0.0	0.0
1.4884540085E9	0.0	0.0
1.4885003865E9	0.0	0.0
1.488546737E9	0.0	0.0
1.4885930695E9	0.0	0.0
1.48863937E9	0.0	0.0
1.4886856445E9	0.0	0.0
1.488731908E9	0.0	0.0
1.4887781655E9	0.0	0.0
1.4888244155E9	0.0	0.0
1.4888706345E9	0.0	0.0
1.488916806E9	0.0	0.0
1.4889629455E9	0.0	0.0
1.4890090725E9	0.0	0.0
1.4890551825E9	0.0	0.0
1.489101266E9	0.0	0.0
1.489147334E9	0.0	0.0
1.4891933915E9	0.0	0.0
1.4892394175E9	0.0	0.0
1.489285417E9	0.0	0.0
1.489331415E9	0.0	0.0
1.4893773925E9	0.0	0.0
1.4894233285E9	0.0	0.0
1.4894692255E9	0.0	0.0
1.489515099E9	0.0	0.0
1.4895609385E9	0.0	0.0
1.489606745E9	0.0	0.0
1.4896525395E9	0.0	0.0
1.4896983265E9	0.0	0.0
1.489744104E9	0.0	0.0
1.4897898715E9	0.0	0.0
1.489835595E9	0.0	0.0
1.489881264E9	0.0	0.0
1.489926899E9	0.0	0.0
1.489972465E9	0.0	0.0
1.4900179665E9	0.0	0.0
1.4900498585E9	0.0	0.0
1.490072583E9	0.0	0.0
1.4901088415E9	0.0	0.0
1.490154196E9	0.0	0.0
1.4901995305E9	0.0	0.0
1.4902448525E9	0.0	0.0
1.490290136E9	0.0	0.0
1.4903353745E9	0.0	0.0
1.490380596E9	0.0	0.0
1.4904257875E9	0.0	0.0
1.490470894E9	0.0	0.0
1.4905159235E9	0.0	0.0
1.490560935E9	0.0	0.0
1.490605935E9	0.0	0.0
1.490650917E9	0.0	0.0
1.4906958815E9	0.0	0.0
1.490740827E9	0.0	0.0
1.4907857635E9	0.0	0.0
1.490830694E9	0.0	0.0
1.4908756115E9	0.0	0.0
1.490920494E9	0.0	0.0
1.4909653455E9	0.0	0.0
1.49101016E9	0.0	0.0
1.4910549175E9	0.0	0.0
1.4910996455E9	0.0	0.0
1.4911443615E9	0.0	0.0
1.491189058E9	0.0	0.0
1.4912337045E9	0.0	0.0
1.4912782855E9	0.0	0.0
1.491322818E9	0.0	0.0
1.4913672715E9	0.0	0.0
1.4914116605E9	0.0	0.0
1.491456035E9	0.0	0.0
1.491500398E9	0.0	0.0
1.4915447535E9	0.0	0.0
1.4915890995E9	0.0	0.0
1.4916334215E9	0.0	0.0
1.4916776985E9	0.0	0.0
1.491721914E9	0.0	0.0
1.491766067E9	0.0	0.0
1.4918101865E9	0.0	0.0
1.491854264E9	0.0	0.0
1.491898298E9	0.0	0.0
1.491942316E9	0.0	0.0
1.4919863005E9	0.0	0.0
1.4920302395E9	0.0	0.0
1.49207415E9	0.0	0.0
1.4921180345E9	0.0	0.0
1.492161899E9	0.0	0.0
1.4922056585E9	0.0	0.0
1.492249306E9	0.0	0.0
1.492292934E9	0.0	0.0
1.4923365375E9	0.0	0.0
1.4923801225E9	0.0	0.0
1.4924237025E9	0.0	0.0
1.492467267E9	0.0	0.0
1.492510817E9	0.0	0.0
1.4925543325E9	0.0	0.0
1.4925978135E9	0.0	0.0
1.4926412915E9	0.0	0.0
1.4926847455E9	0.0	0.0
1.4927281115E9	0.0	0.0
1.49277138E9	0.0	0.0
1.4928146005E9	0.0	0.0
1.492857802E9	0.0	0.0
1.4929009985E9	0.0	0.0
1.4929441855E9	0.0	0.0
1.4929873635E9	0.0	0.0
1.4930305305E9	0.0	0.0
1.493073666E9	0.0	0.0
1.493116759E9	0.0	0.0
1.493159827E9	0.0	0.0
1.493202872E9	0.0	0.0
1.4932458955E9	0.0	0.0
1.493288912E9	0.0	0.0
1.4933319135E9	0.0	0.0
1.4933748855E9	0.0	0.0
1.4934178335E9	0.0	0.0
1.49346076E9	0.0	0.0
1.4935036525E9	0.0	0.0
1.493546522E9	0.0	0.0
1.493589381E9	0.0	0.0
1.493632207E9	0.0	0.0
1.493674998E9	0.0	0.0
1.4937177775E9	0.0	0.0
1.493760539E9	0.0	0.0
1.493803277E9	0.0	0.0
1.4938459955E9	0.0	0.0
1.493888642E9	0.0	0.0
1.493931208E9	0.0	0.0
1.4939737295E9	0.0	0.0
1.494016196E9	0.0	0.0
1.4940586255E9	0.0	0.0
1.494101034E9	0.0	0.0
1.494143386E9	0.0	0.0
1.4941856805E9	0.0	0.0
1.4942279585E9	0.0	0.0
1.4942702145E9	0.0	0.0
1.494312442E9	0.0	0.0
1.4943546495E9	0.0	0.0
1.494396838E9	0.0	0.0
1.494439018E9	0.0	0.0
1.4944811245E9	0.0	0.0
1.4945231445E9	0.0	0.0
1.494565144E9	0.0	0.0
1.4946071355E9	0.0	0.0
1.4946491245E9	0.0	0.0
1.494691102E9	0.0	0.0
1.494733054E9	0.0	0.0
1.494774986E9	0.0	0.0
1.4948169115E9	0.0	0.0
1.49485879E9	0.0	0.0
1.494900609E9	0.0	0.0
1.4949424005E9	0.0	0.0
1.494984173E9	0.0	0.0
1.495025928E9	0.0	0.0
1.495067659E9	0.0	0.0
1.495109348E9	0.0	0.0
1.4951509875E9	0.0	0.0
1.495192596E9	0.0	0.0
1.4952231095E9	0.0	0.0
1.495243906E9	0.0	0.0
1.495275781E9	0.0	0.0
1.495317349E9	0.0	0.0
1.495358892E9	0.0	0.0
1.4954004145E9	0.0	0.0
1.495441905E9	0.0	0.0
1.4954833735E9	0.0	0.0
1.4955248E9	0.0	0.0
1.495566187E9	0.0	0.0
1.4956075395E9	0.0	0.0
1.495648783E9	0.0	0.0
1.4956899355E9	0.0	0.0
1.4957310675E9	0.0	0.0
1.495772172E9	0.0	0.0
1.4958132545E9	0.0	0.0
1.495854336E9	0.0	0.0
1.4958953875E9	0.0	0.0
1.4959363985E9	0.0	0.0
1.4959773835E9	0.0	0.0
1.4960183525E9	0.0	0.0
1.4960592985E9	0.0	0.0
1.4961001845E9	0.0	0.0
1.49614101E9	0.0	0.0
1.4961817895E9	0.0	0.0
1.496222536E9	0.0	0.0
1.496263254E9	0.0	0.0
1.4963039235E9	0.0	0.0
1.4963445465E9	0.0	0.0
1.496385148E9	0.0	0.0
1.4964257025E9	0.0	0.0
1.4964662115E9	0.0	0.0
1.4965067155E9	0.0	0.0
1.496547193E9	0.0	0.0
1.4965876015E9	0.0	0.0
1.49662796E9	0.0	0.0
1.496668309E9	0.0	0.0
1.4967086505E9	0.0	0.0
1.4967489645E9	0.0	0.0
1.496789165E9	0.0	0.0
1.4968292695E9	0.0	0.0
1.496869355E9	0.0	0.0
1.496909428E9	0.0	0.0
1.496949494E9	0.0	0.0
1.496989531E9	0.0	0.0
1.4970295425E9	0.0	0.0
1.497069519E9	0.0	0.0
1.4971094615E9	0.0	0.0
1.4971493925E9	0.0	0.0
1.4971892835E9	0.0	0.0
1.49722914E9	0.0	0.0
1.497268974E9	0.0	0.0
1.4973087875E9	0.0	0.0
1.4973485995E9	0.0	0.0
1.4973883985E9	0.0	0.0
1.497428166E9	0.0	0.0
1.4974679105E9	0.0	0.0
1.497507626E9	0.0	0.0
1.4975473125E9	0.0	0.0
1.4975869945E9	0.0	0.0
1.4976266755E9	0.0	0.0
1.4976663455E9	0.0	0.0
1.4977060025E9	0.0	0.0
1.497745653E9	0.0	0.0
1.497785297E9	0.0	0.0
1.49782493E9	0.0	0.0
1.497864541E9	0.0	0.0
1.4979041315E9	0.0	0.0
1.4979437065E9	0.0	0.0
1.4979832685E9	0.0	0.0
1.4980228115E9	0.0	0.0
1.4980623115E9	0.0	0.0
1.498101774E9	0.0	0.0
1.498141222E9	0.0	0.0
1.4981806635E9	0.0	0.0
1.498220084E9	0.0	0.0
1.498259483E9	0.0	0.0
1.498298856E9	0.0	0.0
1.4983381765E9	0.0	0.0
1.4983774675E9	0.0	0.0
1.4984167335E9	0.0	0.0
1.4984559575E9	0.0	0.0
1.4984951625E9	0.0	0.0
1.498534363E9	0.0	0.0
1.4985735515E9	0.0	0.0
1.4986127065E9	0.0	0.0
1.498651814E9	0.0	0.0
1.498690893E9	0.0	0.0
1.4987299515E9	0.0	0.0
1.49876899E9	0.0	0.0
1.498808022E9	0.0	0.0
1.4988470355E9	0.0	0.0
1.4988859755E9	0.0	0.0
1.498924857E9	0.0	0.0
1.498963734E9	0.0	0.0
1.499002572E9	0.0	0.0
1.499041365E9	0.0	0.0
1.499080101E9	0.0	0.0
1.499118788E9	0.0	0.0
1.4991574705E9	0.0	0.0
1.499196124E9	0.0	0.0
1.4992347455E9	0.0	0.0
1.4992733535E9	0.0	0.0
1.499311954E9	0.0	0.0
1.499350539E9	0.0	0.0
1.499389088E9	0.0	0.0
1.4994276105E9	0.0	0.0
1.499466114E9	0.0	0.0
1.499504591E9	0.0	0.0
1.499543027E9	0.0	0.0
1.4995814235E9	0.0	0.0
1.499619808E9	0.0	0.0
1.4996581885E9	0.0	0.0
1.4996965595E9	0.0	0.0
1.4997349165E9	0.0	0.0
1.499773247E9	0.0	0.0
1.4998115515E9	0.0	0.0
1.499849847E9	0.0	0.0
1.499888138E9	0.0	0.0
1.499926422E9	0.0	0.0
1.4999646995E9	0.0	0.0
1.5000029725E9	0.0	0.0
1.500041224E9	0.0	0.0
1.50007944E9	0.0	0.0
1.500117618E9	0.0	0.0
1.500155769E9	0.0	0.0
1.500193863E9	0.0	0.0
1.500231898E9	0.0	0.0
1.500269916E9	0.0	0.0
1.500307908E9	0.0	0.0
1.500345875E9	0.0	0.0
1.500383832E9	0.0	0.0
1.500404725E9	0.0	0.0
1.5004237005E9	0.0	0.0
1.50045972E9	0.0	0.0
1.500497618E9	0.0	0.0
1.5005354845E9	0.0	0.0
1.5005733095E9	0.0	0.0
1.500611102E9	0.0	0.0
1.5006488865E9	0.0	0.0
1.500686649E9	0.0	0.0
1.5007243605E9	0.0	0.0
1.5007620315E9	0.0	0.0
1.500799694E9	0.0	0.0
1.5008373425E9	0.0	0.0
1.500874906E9	0.0	0.0
1.5009123875E9	0.0	0.0
1.500949841E9	0.0	0.0
1.5009872685E9	0.0	0.0
1.5010246615E9	0.0	0.0
1.501061985E9	0.0	0.0
1.501099249E9	0.0	0.0
1.501136492E9	0.0	0.0
1.5011737215E9	0.0	0.0
1.501210923E9	0.0	0.0
1.50124809E9	0.0	0.0
1.501285215E9	0.0	0.0
1.501322307E9	0.0	0.0
1.501359365E9	0.0	0.0
1.5013963865E9	0.0	0.0
1.501433386E9	0.0	0.0
1.501470374E9	0.0	0.0
1.501507337E9	0.0	0.0
1.5015442575E9	0.0	0.0
1.501581157E9	0.0	0.0
1.50161803E9	0.0	0.0
1.5016548745E9	0.0	0.0
1.501691682E9	0.0	0.0
1.5017284435E9	0.0	0.0
1.5017651905E9	0.0	0.0
1.5018019355E9	0.0	0.0
1.50183864E9	0.0	0.0
1.501875296E9	0.0	0.0
1.5019119385E9	0.0	0.0
1.50194856E9	0.0	0.0
1.5019851445E9	0.0	0.0
1.5020216985E9	0.0	0.0
1.5020582315E9	0.0	0.0
1.5020947095E9	0.0	0.0
1.502131142E9	0.0	0.0
1.502167522E9	0.0	0.0
1.5022038415E9	0.0	0.0
1.502240145E9	0.0	0.0
1.502276441E9	0.0	0.0
1.50231273E9	0.0	0.0
1.502348999E9	0.0	0.0
1.502385245E9	0.0	0.0
1.5024214795E9	0.0	0.0
1.5024577025E9	0.0	0.0
1.5024938985E9	0.0	0.0
1.502530033E9	0.0	0.0
1.5025661175E9	0.0	0.0
1.502602189E9	0.0	0.0
1.502638249E9	0.0	0.0
1.5026742875E9	0.0	0.0
1.5027103025E9	0.0	0.0
1.502746294E9	0.0	0.0
1.502782259E9	0.0	0.0
1.5028181925E9	0.0	0.0
1.502854099E9	0.0	0.0
1.5028899725E9	0.0	0.0
1.502925804E9	0.0	0.0
1.502961606E9	0.0	0.0
1.5029973855E9	0.0	0.0
1.5030331325E9	0.0	0.0
1.5030688485E9	0.0	0.0
1.503104555E9	0.0	0.0
1.503140255E9	0.0	0.0
1.503175928E9	0.0	0.0
1.5032115695E9	0.0	0.0
1.5032471955E9	0.0	0.0
1.5032828015E9	0.0	0.0
1.50331836E9	0.0	0.0
1.50335387E9	0.0	0.0
1.5033893295E9	0.0	0.0
1.5034247285E9	0.0	0.0
1.503460104E9	0.0	0.0
1.503495445E9	0.0	0.0
1.503530724E9	0.0	0.0
1.5035659405E9	0.0	0.0
1.5036011195E9	0.0	0.0
1.503636254E9	0.0	0.0
1.503671334E9	0.0	0.0
1.5037063995E9	0.0	0.0
1.503741444E9	0.0	0.0
1.503776449E9	0.0	0.0
1.5038114115E9	0.0	0.0
1.503846299E9	0.0	0.0
1.503881127E9	0.0	0.0
1.5039159195E9	0.0	0.0
1.5039506705E9	0.0	0.0
1.5039854075E9	0.0	0.0
1.504020135E9	0.0	0.0
1.504054837E9	0.0	0.0
1.5040894825E9	0.0	0.0
1.5041240685E9	0.0	0.0
1.5041586215E9	0.0	0.0
1.5041931505E9	0.0	0.0
1.504227663E9	0.0	0.0
1.504262158E9	0.0	0.0
1.5042966265E9	0.0	0.0
1.5043310615E9	0.0	0.0
1.504365423E9	0.0	0.0
1.504399667E9	0.0	0.0
1.504433829E9	0.0	0.0
1.504467965E9	0.0	0.0
1.504502076E9	0.0	0.0
1.504536103E9	0.0	0.0
1.504570051E9	0.0	0.0
1.5046039705E9	0.0	0.0
1.5046378695E9	0.0	0.0
1.504671739E9	0.0	0.0
1.5047055835E9	0.0	0.0
1.5047394045E9	0.0	0.0
1.504773183E9	0.0	0.0
1.504806934E9	0.0	0.0
1.5048406455E9	0.0	0.0
1.5048743225E9	0.0	0.0
1.5049079935E9	0.0	0.0
1.5049416565E9	0.0	0.0
1.504975286E9	0.0	0.0
1.505008816E9	0.0	0.0
1.5050422405E9	0.0	0.0
1.5050756215E9	0.0	0.0
1.505108884E9	0.0	0.0
1.5051420155E9	0.0	0.0
1.5051750625E9	0.0	0.0
1.5052080455E9	0.0	0.0
1.5052410265E9	0.0	0.0
1.5052739805E9	0.0	0.0
1.5053068895E9	0.0	0.0
1.505339751E9	0.0	0.0
1.505372562E9	0.0	0.0
1.5054053465E9	0.0	0.0
1.5054381255E9	0.0	0.0
1.5054708915E9	0.0	0.0
1.505503631E9	0.0	0.0
1.5055363455E9	0.0	0.0
1.505566577E9	0.0	0.0
1.5055829115E9	0.0	0.0
1.505601684E9	0.0	0.0
1.5056343185E9	0.0	0.0
1.5056669395E9	0.0	0.0
1.5056995295E9	0.0	0.0
1.505732098E9	0.0	0.0
1.5057646435E9	0.0	0.0
1.505797145E9	0.0	0.0
1.505829621E9	0.0	0.0
1.5058620535E9	0.0	0.0
1.505894386E9	0.0	0.0
1.5059266525E9	0.0	0.0
1.505958904E9	0.0	0.0
1.5059911385E9	0.0	0.0
1.5060233395E9	0.0	0.0
1.5060555175E9	0.0	0.0
1.5060876535E9	0.0	0.0
1.506119743E9	0.0	0.0
1.506151819E9	0.0	0.0
1.506183868E9	0.0	0.0
1.5062158925E9	0.0	0.0
1.506247826E9	0.0	0.0
1.506279664E9	0.0	0.0
1.5063114845E9	0.0	0.0
1.506343278E9	0.0	0.0
1.5063750415E9	0.0	0.0
1.506406781E9	0.0	0.0
1.5064384905E9	0.0	0.0
1.506470146E9	0.0	0.0
1.506501692E9	0.0	0.0
1.506533151E9	0.0	0.0
1.5065645925E9	0.0	0.0
1.506596023E9	0.0	0.0
1.506627442E9	0.0	0.0
1.506658755E9	0.0	0.0
1.5066899055E9	0.0	0.0
1.506720874E9	0.0	0.0
1.506751704E9	0.0	0.0
1.506782515E9	0.0	0.0
1.5068133055E9	0.0	0.0
1.506844035E9	0.0	0.0
1.50687466E9	0.0	0.0
1.5069052145E9	0.0	0.0
1.5069357535E9	0.0	0.0
1.5069662725E9	0.0	0.0
1.506996753E9	0.0	0.0
1.5070271395E9	0.0	0.0
1.5070574245E9	0.0	0.0
1.507087648E9	0.0	0.0
1.5071177755E9	0.0	0.0
1.507147721E9	0.0	0.0
1.5071775345E9	0.0	0.0
1.5072073085E9	0.0	0.0
1.507237035E9	0.0	0.0
1.5072667225E9	0.0	0.0
1.5072963735E9	0.0	0.0
1.5073259925E9	0.0	0.0
1.507355585E9	0.0	0.0
1.5073851135E9	0.0	0.0
1.50741454E9	0.0	0.0
1.507443907E9	0.0	0.0
1.5074732345E9	0.0	0.0
1.5075025255E9	0.0	0.0
1.5075318105E9	0.0	0.0
1.507561084E9	0.0	0.0
1.507590314E9	0.0	0.0
1.5076195035E9	0.0	0.0
1.507648598E9	0.0	0.0
1.5076775175E9	0.0	0.0
1.507706322E9	0.0	0.0
1.5077350905E9	0.0	0.0
1.507763837E9	0.0	0.0
1.5077925115E9	0.0	0.0
1.50782111E9	0.0	0.0
1.5078496685E9	0.0	0.0
1.5078781985E9	0.0	0.0
1.507906689E9	0.0	0.0
1.5079351245E9	0.0	0.0
1.5079634975E9	0.0	0.0
1.5079918035E9	0.0	0.0
1.5080200785E9	0.0	0.0
1.508048329E9	0.0	0.0
1.508076506E9	0.0	0.0
1.508104629E9	0.0	0.0
1.508132657E9	0.0	0.0
1.508160574E9	0.0	0.0
1.5081884185E9	0.0	0.0
1.50821617E9	0.0	0.0
1.5082438665E9	0.0	0.0
1.508271512E9	0.0	0.0
1.5082991E9	0.0	0.0
1.5083265915E9	0.0	0.0
1.508354007E9	0.0	0.0
1.5083813975E9	0.0	0.0
1.508408744E9	0.0	0.0
1.5084360505E9	0.0	0.0
1.508463327E9	0.0	0.0
1.5084905655E9	0.0	0.0
1.50851775E9	0.0	0.0
1.5085448665E9	0.0	0.0
1.5085718775E9	0.0	0.0
1.508598808E9	0.0	0.0
1.5086257175E9	0.0	0.0
1.5086525355E9	0.0	0.0
1.508679233E9	0.0	0.0
1.5087058445E9	0.0	0.0
1.508732393E9	0.0	0.0
1.508758876E9	0.0	0.0
1.5087851315E9	0.0	0.0
1.5088111715E9	0.0	0.0
1.5088371435E9	0.0	0.0
1.5088630485E9	0.0	0.0
1.5088889005E9	0.0	0.0
1.508914519E9	0.0	0.0
1.5089397605E9	0.0	0.0
1.508964792E9	0.0	0.0
1.5089897535E9	0.0	0.0
1.5090146965E9	0.0	0.0
1.5090395665E9	0.0	0.0
1.5090643255E9	0.0	0.0
1.509089005E9	0.0	0.0
1.5091136205E9	0.0	0.0
1.509138154E9	0.0	0.0
1.509162569E9	0.0	0.0
1.5091868865E9	0.0	0.0
1.509211163E9	0.0	0.0
1.509235372E9	0.0	0.0
1.50925949E9	0.0	0.0
1.509283547E9	0.0	0.0
1.509307566E9	0.0	0.0
1.5093315725E9	0.0	0.0
1.509355526E9	0.0	0.0
1.5093793655E9	0.0	0.0
1.509403033E9	0.0	0.0
1.509426582E9	0.0	0.0
1.509450097E9	0.0	0.0
1.509473389E9	0.0	0.0
1.50949646E9	0.0	0.0
1.5095194575E9	0.0	0.0
1.509542382E9	0.0	0.0
1.5095652555E9	0.0	0.0
1.5095880415E9	0.0	0.0
1.509610702E9	0.0	0.0
1.509633261E9	0.0	0.0
1.5096556815E9	0.0	0.0
1.5096777265E9	0.0	0.0
1.5096994395E9	0.0	0.0
1.5097210525E9	0.0	0.0
1.5097426285E9	0.0	0.0
1.5097642005E9	0.0	0.0
1.509785745E9	0.0	0.0
1.509807233E9	0.0	0.0
1.5098286475E9	0.0	0.0
1.5098498425E9	0.0	0.0
1.5098707615E9	0.0	0.0
1.5098914185E9	0.0	0.0
1.509911901E9	0.0	0.0
1.509932343E9	0.0	0.0
1.5099521495E9	0.0	0.0
1.509971254E9	0.0	0.0
1.509990083E9	0.0	0.0
1.5100085245E9	0.0	0.0
1.5100265955E9	0.0	0.0
1.5100444465E9	0.0	0.0
1.5100622275E9	0.0	0.0
1.510079773E9	0.0	0.0
1.5100969345E9	0.0	0.0
1.51011384E9	0.0	0.0
1.510130501E9	0.0	0.0
1.5101463325E9	0.0	0.0
1.5101613985E9	0.0	0.0
1.5101762635E9	0.0	0.0
1.5101909225E9	0.0	0.0
1.5102053285E9	0.0	0.0
1.5102194025E9	0.0	0.0
1.510233273E9	0.0	0.0
1.5102466855E9	0.0	0.0
1.510259005E9	0.0	0.0
1.510270233E9	0.0	0.0
1.510279609E9	0.0	0.0
1.5102840825E9	0.0	0.0
1.5105194275E9	25.001694734825097	13.4151733505241
1.5133411805E9	22.6441543340544	12.30806048452749
1.5185149965E9	21.362348023199896	11.846868506345722
1.5236888125E9	21.480606770708505	11.66924695150005
1.5288626285E9	21.042712187677335	11.117487105697101
1.5340364445E9	21.574685686541617	12.372243640614759
1.5392102605E9	21.370487276702534	12.63534049112838
1.5443840765E9	18.833061322629177	10.717778881662957
1.5495578925E9	20.557014203829436	11.532266499322748
1.5547317085E9	19.391102814634305	18.371565816445113
1.5599055245E9	18.970221979289562	13.755302075989306
1.5650793405E9	18.750643045674604	11.27877557477006
1.5702531565E9	18.883017099950983	11.09460536427032
1.5754269725E9	19.600862690130455	10.774698780365926
1.5806007885E9	19.30494068594631	11.878481379626535
1.5857746045E9	19.557522919253408	11.872174564928645
1.5909484205E9	16.95794187501063	16.212978102159354
1.5961222365E9	20.5468555511058	11.489622972335983
1.6012960525E9	19.644159552639678	13.165460292884097
1.6064698685E9	19.911374505780646	15.49675503454908
1.6116436845E9	19.532024525031428	13.15999634844675
1.6168175005E9	21.245073462218215	14.31996748423561
1.6219913165E9	20.66240469317038	11.917481660352548
1.6271651325E9	16.10406825445667	9.456474040153541
1.6323389485E9	18.326097023937457	11.016822635051708
1.6375127645E9	16.83085250809074	9.537320015714613
1.6426865805E9	18.624490318171347	10.47996253509408
1.6478603965E9	20.745665868287546	14.539128756318318
1.6530342125E9	19.176466074556963	11.33318371774189
1.6582080285E9	20.788796122629797	12.970244900024955
1.6633818445E9	16.548304385003256	8.940680203487002
1.6685556605E9	23.435203919118887	16.19392273358935
1.6737294765E9	25.75866362468244	15.56064508971593
1.6789032925E9	23.351212528624906	13.200637915343952
1.6840771085E9	19.829424935096263	12.188614175259895
1.6892509245E9	18.987161313815566	11.465699481634248
1.6944247405E9	18.29947953309511	10.624811639236396
1.6995985565E9	18.478128522545063	11.136312156028668
1.7047723725E9	17.976505929086	11.141688867386318
1.7099461885E9	20.06509218727531	11.317653925643768
1.7151200045E9	19.160231442324196	12.17979581746285
1.7202938205E9	19.503132890694218	10.967372986301914
1.7254676365E9	20.10226938878383	10.685926894171976
1.7306414525E9	27.67032341312486	14.98861282222232
1.7351936765E9	24.94676530390024	15.923839990700014
1.7377805845E9	20.228215614100566	10.894472501000038
1.7409890845E9	20.00651472723421	11.46890852251694
1.7461629005E9	22.361026368158434	18.390506527528725
1.7513367165E9	20.806449050372105	12.554154170795604
1.7565105325E9	21.218383684305742	11.206094137667737
1.7616843485E9	22.242530271660222	12.066914784477497
1.7668581645E9	22.8247369059897	13.30656851117121
1.7720319805E9	20.158980141543495	10.860262923730327
1.7772057965E9	20.646960193404635	11.607435550880709
1.7823796125E9	20.632983082506218	11.531650594299094
1.7875534285E9	20.84359532693084	12.06048907597214
1.7927272445E9	21.086370485537174	15.084017934178771
1.7979010605E9	20.34672995715348	11.03012910149635
1.8030748765E9	19.974246668223223	13.49080413317678
1.8082486925E9	16.660538952293628	9.46247363226901
1.8134225085E9	20.17246303308815	10.748020517582027
1.8185963245E9	20.258529487712746	11.241104464764792
1.8237701405E9	21.051336189767863	10.599722740705904
1.8289439565E9	19.672507680984403	10.717954555263784
1.8341177725E9	19.945611324407363	13.214159533321075
1.8392915885E9	19.290713856078376	10.749840946592512
1.8444654045E9	16.962658702976682	10.344767547875286
1.8496392205E9	17.83164476664806	10.41676638729784
1.8548130365E9	14.70114669713805	9.347330282409795
1.8599868525E9	18.266139731293112	9.732432435629967
1.8651606685E9	18.14107633514605	10.42035559243631
1.8703344845E9	20.318980033306172	11.067994163315976
1.8755083005E9	20.100085120924284	16.18423062821539
1.8806821165E9	17.929206604950775	79.97556950108448
1.8858559325E9	20.694332191171856	11.811054669484163
1.8910297485E9	15.605249394257546	9.840703068764412
1.8962035645E9	20.97406208492919	13.82989892807904
1.9013773805E9	13.285106776120372	10.608633181349324
1.9065511965E9	17.13530747904448	9.297040940130739
1.9117250125E9	17.340321534434157	10.76071918114053
1.9168988285E9	20.201867635029927	10.991362943010236
1.9220726445E9	18.406060246440926	10.928772640836105
1.9272464605E9	20.820758604480716	12.806107666696082
1.9324202765E9	17.29868418204281	9.10467822495185
1.9375940925E9	15.98291995695247	9.191529836629636
1.9427679085E9	18.118986643514187	9.476581028187407
1.9479417245E9	19.678155156658065	10.983438731317351
1.9531155405E9	21.52529564251995	12.869309348207272
1.9582893565E9	19.464133823081454	11.567521006998303
1.9634631725E9	20.44912729791705	11.213769196285158
1.9686369885E9	16.85010058339918	9.929415319649246
1.9738108045E9	18.94821365893182	11.478809499717855
1.9789846205E9	19.816246074464186	64.81431520357239
1.9841584365E9	18.673253552117046	10.476346678068541
1.9893322525E9	19.372966684551596	11.405371432888032
1.9945060685E9	20.055812189687458	10.108910423975853
1.9996798845E9	18.868161333916785	17.425717544362023
2.0048537005E9	20.086636826667203	10.855244198578154
2.0087998005E9	22.950347706578615	15.271861033725658
2.0113867085E9	0.0	0.0
2.012707285E9	0.0	0.0
2.0133237175E9	0.0	0.0
2.0142256065E9	0.0	0.0
2.014882626E9	0.0	0.0
2.0154317445E9	0.0	0.0
2.0159671605E9	0.0	0.0
2.0164471485E9	0.0	0.0
2.016867562E9	0.0	0.0
2.0172763385E9	0.0	0.0
2.017633965E9	0.0	0.0
2.0178137045E9	0.0	0.0
2.018017881E9	0.0	0.0
2.018372564E9	0.0	0.0
2.0187244125E9	0.0	0.0
2.019068249E9	0.0	0.0
2.0194017395E9	0.0	0.0
2.0197293045E9	0.0	0.0
2.0200521545E9	0.0	0.0
2.0203676775E9	0.0	0.0
2.0206731925E9	0.0	0.0
2.020965542E9	0.0	0.0
2.021247741E9	0.0	0.0
2.021528993E9	0.0	0.0
2.0218100865E9	0.0	0.0
2.022087393E9	0.0	0.0
2.0223603915E9	0.0	0.0
2.022632681E9	0.0	0.0
2.0228654175E9	0.0	0.0
2.0229999175E9	0.0	0.0
2.0231705325E9	0.0	0.0
2.0234354265E9	0.0	0.0
2.0236989015E9	0.0	0.0
2.023956802E9	0.0	0.0
2.0242093675E9	0.0	0.0
2.024458086E9	0.0	0.0
2.0247029895E9	0.0	0.0
2.024945864E9	0.0	0.0
2.0251865415E9	0.0	0.0
2.0254252815E9	0.0	0.0
2.025662492E9	0.0	0.0
2.0258991385E9	0.0	0.0
2.0261344615E9	0.0	0.0
2.026367172E9	0.0	0.0
2.0265980485E9	0.0	0.0
2.0268285295E9	0.0	0.0
2.0270544955E9	0.0	0.0
2.027275914E9	0.0	0.0
2.0274943025E9	0.0	0.0
2.0277095315E9	0.0	0.0
2.027923316E9	0.0	0.0
2.02808275E9	0.0	0.0
2.028188811E9	0.0	0.0
2.0283471585E9	0.0	0.0
2.0285549325E9	0.0	0.0
2.028757275E9	0.0	0.0
2.028956563E9	0.0	0.0
2.029154291E9	0.0	0.0
2.0293509875E9	0.0	0.0
2.0295467625E9	0.0	0.0
2.02973806E9	0.0	0.0
2.029924572E9	0.0	0.0
2.0301099805E9	0.0	0.0
2.0302952755E9	0.0	0.0
2.030479792E9	0.0	0.0
2.030663529E9	0.0	0.0
2.030846841E9	0.0	0.0
2.031029411E9	0.0	0.0
2.031211115E9	0.0	0.0
2.0313922435E9	0.0	0.0
2.031572786E9	0.0	0.0
2.0317516215E9	0.0	0.0
2.031928838E9	0.0	0.0
2.0321052615E9	0.0	0.0
2.032281231E9	0.0	0.0
2.032455646E9	0.0	0.0
2.032628276E9	0.0	0.0
2.032800128E9	0.0	0.0
2.032971301E9	0.0	0.0
2.033142066E9	0.0	0.0
2.033268507E9	0.0	0.0
2.0333531555E9	0.0	0.0
2.0334809135E9	0.0	0.0
2.0336480925E9	0.0	0.0
2.0338128535E9	0.0	0.0
2.0339761425E9	0.0	0.0
2.0341380805E9	0.0	0.0
2.034298919E9	0.0	0.0
2.0344586595E9	0.0	0.0
2.0346173075E9	0.0	0.0
2.0347746535E9	0.0	0.0
2.034930657E9	0.0	0.0
2.035085928E9	0.0	0.0
2.0352402435E9	0.0	0.0
2.035392005E9	0.0	0.0
2.035541193E9	0.0	0.0
2.035689646E9	0.0	0.0
2.0358375185E9	0.0	0.0
2.0359837345E9	0.0	0.0
2.036128546E9	0.0	0.0
2.0362729875E9	0.0	0.0
2.036416787E9	0.0	0.0
2.0365600645E9	0.0	0.0
2.036702872E9	0.0	0.0
2.036845241E9	0.0	0.0
2.0369851555E9	0.0	0.0
2.037122733E9	0.0	0.0
2.037259843E9	0.0	0.0
2.037396497E9	0.0	0.0
2.0375330955E9	0.0	0.0
2.0376694145E9	0.0	0.0
2.0378054315E9	0.0	0.0
2.0379412555E9	0.0	0.0
2.038076349E9	0.0	0.0
2.0382095985E9	0.0	0.0
2.0383415415E9	0.0	0.0
2.0384454925E9	0.0	0.0
2.0385109815E9	0.0	0.0
2.038603618E9	0.0	0.0
2.038733643E9	0.0	0.0
2.0388626705E9	0.0	0.0
2.0389910665E9	0.0	0.0
2.0391193005E9	0.0	0.0
2.0392473005E9	0.0	0.0
2.039374642E9	0.0	0.0
2.039501276E9	0.0	0.0
2.0396271785E9	0.0	0.0
2.03975221E9	0.0	0.0
2.03987604E9	0.0	0.0
2.0399980765E9	0.0	0.0
2.040119332E9	0.0	0.0
2.040240472E9	0.0	0.0
2.040361422E9	0.0	0.0
2.0404819095E9	0.0	0.0
2.0406018455E9	0.0	0.0
2.0407201845E9	0.0	0.0
2.0408360875E9	0.0	0.0
2.0409509815E9	0.0	0.0
2.0410657485E9	0.0	0.0
2.041180315E9	0.0	0.0
2.041294281E9	0.0	0.0
2.041407048E9	0.0	0.0
2.0415190925E9	0.0	0.0
2.0416304535E9	0.0	0.0
2.041741021E9	0.0	0.0
2.0418509485E9	0.0	0.0
2.0419598345E9	0.0	0.0
2.0420677755E9	0.0	0.0
2.042174546E9	0.0	0.0
2.042280328E9	0.0	0.0
2.0423856265E9	0.0	0.0
2.042489892E9	0.0	0.0
2.0425932815E9	0.0	0.0
2.0426964155E9	0.0	0.0
2.0427989735E9	0.0	0.0
2.042900635E9	0.0	0.0
2.0430013815E9	0.0	0.0
2.043100833E9	0.0	0.0
2.0431992955E9	0.0	0.0
2.0432976E9	0.0	0.0
2.04339588E9	0.0	0.0
2.043493869E9	0.0	0.0
2.0435915755E9	0.0	0.0
2.043648872E9	0.0	0.0
2.0436976845E9	0.0	0.0
2.0437868355E9	0.0	0.0
2.0438843855E9	0.0	0.0
2.043981707E9	0.0	0.0
2.044078815E9	0.0	0.0
2.0441757205E9	0.0	0.0
2.044272411E9	0.0	0.0
2.0443688475E9	0.0	0.0
2.0444648435E9	0.0	0.0
2.0445596995E9	0.0	0.0
2.0446531425E9	0.0	0.0
2.0447458375E9	0.0	0.0
2.0448380625E9	0.0	0.0
2.0449295735E9	0.0	0.0
2.0450204935E9	0.0	0.0
2.045110887E9	0.0	0.0
2.045200554E9	0.0	0.0
2.0452891795E9	0.0	0.0
2.045376969E9	0.0	0.0
2.0454646615E9	0.0	0.0
2.0455520825E9	0.0	0.0
2.045639142E9	0.0	0.0
2.045726059E9	0.0	0.0
2.045812597E9	0.0	0.0
2.045898772E9	0.0	0.0
2.045984586E9	0.0	0.0
2.0460697495E9	0.0	0.0
2.0461545695E9	0.0	0.0
2.046239208E9	0.0	0.0
2.0463236285E9	0.0	0.0
2.046407633E9	0.0	0.0
2.0464910975E9	0.0	0.0
2.0465742655E9	0.0	0.0
2.046657312E9	0.0	0.0
2.046739974E9	0.0	0.0
2.0468221865E9	0.0	0.0
2.0469043015E9	0.0	0.0
2.046985793E9	0.0	0.0
2.0470664825E9	0.0	0.0
2.04714687E9	0.0	0.0
2.04722706E9	0.0	0.0
2.0473069205E9	0.0	0.0
2.0473860855E9	0.0	0.0
2.047464717E9	0.0	0.0
2.047542979E9	0.0	0.0
2.0476208505E9	0.0	0.0
2.0476985055E9	0.0	0.0
2.0477760255E9	0.0	0.0
2.0478535E9	0.0	0.0
2.04793091E9	0.0	0.0
2.0480081665E9	0.0	0.0
2.0480853045E9	0.0	0.0
2.048162422E9	0.0	0.0
2.048239398E9	0.0	0.0
2.0483161975E9	0.0	0.0
2.0483927155E9	0.0	0.0
2.048468855E9	0.0	0.0
2.0485448455E9	0.0	0.0
2.0486206495E9	0.0	0.0
2.048696086E9	0.0	0.0
2.0487710125E9	0.0	0.0
2.0488197255E9	0.0	0.0
2.0488570075E9	0.0	0.0
2.0489199395E9	0.0	0.0
2.0489939725E9	0.0	0.0
2.0490679045E9	0.0	0.0
2.0491416005E9	0.0	0.0
2.049214953E9	0.0	0.0
2.0492880915E9	0.0	0.0
2.0493611205E9	0.0	0.0
2.0494340255E9	0.0	0.0
2.049506678E9	0.0	0.0
2.049578997E9	0.0	0.0
2.049651126E9	0.0	0.0
2.049723233E9	0.0	0.0
2.04979512E9	0.0	0.0
2.0498666485E9	0.0	0.0
2.0499378035E9	0.0	0.0
2.050008669E9	0.0	0.0
2.0500794E9	0.0	0.0
2.0501499975E9	0.0	0.0
2.050220518E9	0.0	0.0
2.05029082E9	0.0	0.0
2.050360717E9	0.0	0.0
2.0504299665E9	0.0	0.0
2.0504987035E9	0.0	0.0
2.0505672185E9	0.0	0.0
2.050635448E9	0.0	0.0
2.0507034935E9	0.0	0.0
2.050771266E9	0.0	0.0
2.0508387725E9	0.0	0.0
2.0509061565E9	0.0	0.0
2.050973417E9	0.0	0.0
2.051040481E9	0.0	0.0
2.0511073505E9	0.0	0.0
2.0511740955E9	0.0	0.0
2.0512407225E9	0.0	0.0
2.051307197E9	0.0	0.0
2.0513735395E9	0.0	0.0
2.0514398445E9	0.0	0.0
2.051506139E9	0.0	0.0
2.0515723595E9	0.0	0.0
2.0516384915E9	0.0	0.0
2.0517045665E9	0.0	0.0
2.0517705855E9	0.0	0.0
2.0518365355E9	0.0	0.0
2.051902365E9	0.0	0.0
2.0519680565E9	0.0	0.0
2.052033518E9	0.0	0.0
2.052098713E9	0.0	0.0
2.0521637385E9	0.0	0.0
2.052228643E9	0.0	0.0
2.0522934775E9	0.0	0.0
2.052358276E9	0.0	0.0
2.0524229615E9	0.0	0.0
2.052487482E9	0.0	0.0
2.052551882E9	0.0	0.0
2.0526161995E9	0.0	0.0
2.052680475E9	0.0	0.0
2.0527447265E9	0.0	0.0
2.052808914E9	0.0	0.0
2.0528730515E9	0.0	0.0
2.052936994E9	0.0	0.0
2.053000715E9	0.0	0.0
2.0530644045E9	0.0	0.0
2.053128084E9	0.0	0.0
2.0531916775E9	0.0	0.0
2.0532551615E9	0.0	0.0
2.053318587E9	0.0	0.0
2.0533819555E9	0.0	0.0
2.053445288E9	0.0	0.0
2.0535085465E9	0.0	0.0
2.053571685E9	0.0	0.0
2.0536343475E9	0.0	0.0
2.053696563E9	0.0	0.0
2.053758747E9	0.0	0.0
2.053820909E9	0.0	0.0
2.053883043E9	0.0	0.0
2.0539451025E9	0.0	0.0
2.0539905275E9	0.0	0.0
2.0540215E9	0.0	0.0
2.0540690195E9	0.0	0.0
2.0541309245E9	0.0	0.0
2.0541927765E9	0.0	0.0
2.054254593E9	0.0	0.0
2.0543163305E9	0.0	0.0
2.054377981E9	0.0	0.0
2.0544395975E9	0.0	0.0
2.054501172E9	0.0	0.0
2.054562708E9	0.0	0.0
2.0546242315E9	0.0	0.0
2.0546856965E9	0.0	0.0
2.0547470465E9	0.0	0.0
2.054808291E9	0.0	0.0
2.0548694895E9	0.0	0.0
2.054930601E9	0.0	0.0
2.0549916175E9	0.0	0.0
2.0550526065E9	0.0	0.0
2.0551135575E9	0.0	0.0
2.055174465E9	0.0	0.0
2.0552353545E9	0.0	0.0
2.055296134E9	0.0	0.0
2.0553566525E9	0.0	0.0
2.055417009E9	0.0	0.0
2.0554771825E9	0.0	0.0
2.0555371745E9	0.0	0.0
2.055597057E9	0.0	0.0
2.055656832E9	0.0	0.0
2.055716482E9	0.0	0.0
2.0557759925E9	0.0	0.0
2.055835433E9	0.0	0.0
2.055894771E9	0.0	0.0
2.0559540215E9	0.0	0.0
2.0560130765E9	0.0	0.0
2.0560719645E9	0.0	0.0
2.056130841E9	0.0	0.0
2.0561896915E9	0.0	0.0
2.056248521E9	0.0	0.0
2.056307024E9	0.0	0.0
2.0563651135E9	0.0	0.0
2.056423004E9	0.0	0.0
2.056480485E9	0.0	0.0
2.056537637E9	0.0	0.0
2.0565947405E9	0.0	0.0
2.0566517835E9	0.0	0.0
2.0567087165E9	0.0	0.0
2.056765451E9	0.0	0.0
2.056821998E9	0.0	0.0
2.0568784445E9	0.0	0.0
2.056934791E9	0.0	0.0
2.0569910545E9	0.0	0.0
2.0570472855E9	0.0	0.0
2.057103487E9	0.0	0.0
2.0571595855E9	0.0	0.0
2.0572155025E9	0.0	0.0
2.0572712245E9	0.0	0.0
2.057326847E9	0.0	0.0
2.0573823645E9	0.0	0.0
2.057437781E9	0.0	0.0
2.057493164E9	0.0	0.0
2.0575484995E9	0.0	0.0
2.05760373E9	0.0	0.0
2.0576588685E9	0.0	0.0
2.0577139355E9	0.0	0.0
2.0577689315E9	0.0	0.0
2.0578239195E9	0.0	0.0
2.057878902E9	0.0	0.0
2.057933777E9	0.0	0.0
2.0579884845E9	0.0	0.0
2.0580431165E9	0.0	0.0
2.058097727E9	0.0	0.0
2.05815231E9	0.0	0.0
2.0582067325E9	0.0	0.0
2.058260974E9	0.0	0.0
2.058315129E9	0.0	0.0
2.0583692185E9	0.0	0.0
2.05842327E9	0.0	0.0
2.058477297E9	0.0	0.0
2.0585313105E9	0.0	0.0
2.058585287E9	0.0	0.0
2.0586391865E9	0.0	0.0
2.058693023E9	0.0	0.0
2.0587468175E9	0.0	0.0
2.0588005E9	0.0	0.0
2.0588540625E9	0.0	0.0
2.0589075495E9	0.0	0.0
2.058960981E9	0.0	0.0
2.059014389E9	0.0	0.0
2.059067673E9	0.0	0.0
2.0591208205E9	0.0	0.0
2.059163076E9	0.0	0.0
2.059189619E9	0.0	0.0
2.0592269795E9	0.0	0.0
2.059279992E9	0.0	0.0
2.0593329825E9	0.0	0.0
2.0593858185E9	0.0	0.0
2.0594384305E9	0.0	0.0
2.059490885E9	0.0	0.0
2.0595432645E9	0.0	0.0
2.0595955855E9	0.0	0.0
2.0596477675E9	0.0	0.0
2.059699862E9	0.0	0.0
2.059751948E9	0.0	0.0
2.0598040055E9	0.0	0.0
2.0598560135E9	0.0	0.0
2.0599079495E9	0.0	0.0
2.0599597635E9	0.0	0.0
2.0600113985E9	0.0	0.0
2.0600629095E9	0.0	0.0
2.0601143935E9	0.0	0.0
2.0601657865E9	0.0	0.0
2.0602169615E9	0.0	0.0
2.0602678705E9	0.0	0.0
2.0603186035E9	0.0	0.0
2.0603692295E9	0.0	0.0
2.060419725E9	0.0	0.0
2.060470132E9	0.0	0.0
2.06052038E9	0.0	0.0
2.060570481E9	0.0	0.0
2.0606204435E9	0.0	0.0
2.06067023E9	0.0	0.0
2.06071997E9	0.0	0.0
2.060769706E9	0.0	0.0
2.060819393E9	0.0	0.0
2.060868933E9	0.0	0.0
2.060918284E9	0.0	0.0
2.0609675205E9	0.0	0.0
2.061016628E9	0.0	0.0
2.061065573E9	0.0	0.0
2.061114397E9	0.0	0.0
2.0611631105E9	0.0	0.0
2.061211492E9	0.0	0.0
2.061259497E9	0.0	0.0
2.061307319E9	0.0	0.0
2.0613550415E9	0.0	0.0
2.0614027295E9	0.0	0.0
2.061450387E9	0.0	0.0
2.061498029E9	0.0	0.0
2.0615456225E9	0.0	0.0
2.061593126E9	0.0	0.0
2.061640529E9	0.0	0.0
2.061687757E9	0.0	0.0
2.0617347625E9	0.0	0.0
2.061781654E9	0.0	0.0
2.061828524E9	0.0	0.0
2.0618753855E9	0.0	0.0
2.061922146E9	0.0	0.0
2.061968779E9	0.0	0.0
2.0620153705E9	0.0	0.0
2.0620619385E9	0.0	0.0
2.0621083935E9	0.0	0.0
2.062154738E9	0.0	0.0
2.0622010015E9	0.0	0.0
2.062247173E9	0.0	0.0
2.0622933155E9	0.0	0.0
2.0623394475E9	0.0	0.0
2.062385446E9	0.0	0.0
2.0624312625E9	0.0	0.0
2.062476887E9	0.0	0.0
2.0625223535E9	0.0	0.0
2.0625677955E9	0.0	0.0
2.0626131705E9	0.0	0.0
2.0626584765E9	0.0	0.0
2.0627035625E9	0.0	0.0
2.062748417E9	0.0	0.0
2.062793173E9	0.0	0.0
2.0628376835E9	0.0	0.0
2.062881954E9	0.0	0.0
2.0629261195E9	0.0	0.0
2.062970238E9	0.0	0.0
2.0630142905E9	0.0	0.0
2.0630582625E9	0.0	0.0
2.0631021875E9	0.0	0.0
2.0631460875E9	0.0	0.0
2.0631899665E9	0.0	0.0
2.0632338255E9	0.0	0.0
2.063277676E9	0.0	0.0
2.0633214535E9	0.0	0.0
2.063365083E9	0.0	0.0
2.06340861E9	0.0	0.0
2.0634520775E9	0.0	0.0
2.0634954775E9	0.0	0.0
2.063538784E9	0.0	0.0
2.0635819555E9	0.0	0.0
2.063625014E9	0.0	0.0
2.0636679765E9	0.0	0.0
2.063710875E9	0.0	0.0
2.063753689E9	0.0	0.0
2.063796396E9	0.0	0.0
2.063839067E9	0.0	0.0
2.063881726E9	0.0	0.0
2.0639243715E9	0.0	0.0
2.063966989E9	0.0	0.0
2.0640095635E9	0.0	0.0
2.0640520875E9	0.0	0.0
2.064094574E9	0.0	0.0
2.0641370415E9	0.0	0.0
2.0641794945E9	0.0	0.0
2.0642218365E9	0.0	0.0
2.0642640635E9	0.0	0.0
2.0643062705E9	0.0	0.0
2.0643399765E9	0.0	0.0
2.06436102E9	0.0	0.0
2.0643904625E9	0.0	0.0
2.064432456E9	0.0	0.0
2.064474346E9	0.0	0.0
2.064516152E9	0.0	0.0
2.064557914E9	0.0	0.0
2.064599536E9	0.0	0.0
2.064641057E9	0.0	0.0
2.0646825695E9	0.0	0.0
2.064724048E9	0.0	0.0
2.064765456E9	0.0	0.0
2.0648067995E9	0.0	0.0
2.064848117E9	0.0	0.0
2.064889353E9	0.0	0.0
2.064930492E9	0.0	0.0
2.0649715775E9	0.0	0.0
2.065012547E9	0.0	0.0
2.065053387E9	0.0	0.0
2.0650941705E9	0.0	0.0
2.0651348115E9	0.0	0.0
2.065175299E9	0.0	0.0
2.0652157165E9	0.0	0.0
2.065256051E9	0.0	0.0
2.065296264E9	0.0	0.0
2.06533636E9	0.0	0.0
2.0653762875E9	0.0	0.0
2.065416072E9	0.0	0.0
2.0654558335E9	0.0	0.0
2.065495547E9	0.0	0.0
2.0655352215E9	0.0	0.0
2.065574844E9	0.0	0.0
2.0656143995E9	0.0	0.0
2.065653785E9	0.0	0.0
2.0656929715E9	0.0	0.0
2.065732097E9	0.0	0.0
2.065771194E9	0.0	0.0
2.0658102015E9	0.0	0.0
2.065849086E9	0.0	0.0
2.0658878885E9	0.0	0.0
2.065926599E9	0.0	0.0
2.0659651665E9	0.0	0.0
2.066003597E9	0.0	0.0
2.066041833E9	0.0	0.0
2.0660799315E9	0.0	0.0
2.066117971E9	0.0	0.0
2.066155951E9	0.0	0.0
2.0661939105E9	0.0	0.0
2.066231761E9	0.0	0.0
2.066269513E9	0.0	0.0
2.0663072395E9	0.0	0.0
2.0663449305E9	0.0	0.0
2.066382491E9	0.0	0.0
2.066419923E9	0.0	0.0
2.0664573405E9	0.0	0.0
2.066494663E9	0.0	0.0
2.0665318675E9	0.0	0.0
2.06656886E9	0.0	0.0
2.066605527E9	0.0	0.0
2.0666420115E9	0.0	0.0
2.066678418E9	0.0	0.0
2.0667146455E9	0.0	0.0
2.0667506425E9	0.0	0.0
2.066786533E9	0.0	0.0
2.06682234E9	0.0	0.0
2.0668580485E9	0.0	0.0
2.0668937175E9	0.0	0.0
2.066929375E9	0.0	0.0
2.066965002E9	0.0	0.0
2.067000607E9	0.0	0.0
2.0670361255E9	0.0	0.0
2.067071259E9	0.0	0.0
2.0671060455E9	0.0	0.0
2.0671407445E9	0.0	0.0
2.0671753685E9	0.0	0.0
2.0672098815E9	0.0	0.0
2.0672443075E9	0.0	0.0
2.067278715E9	0.0	0.0
2.0673130935E9	0.0	0.0
2.067347425E9	0.0	0.0
2.067381705E9	0.0	0.0
2.067415802E9	0.0	0.0
2.06744974E9	0.0	0.0
2.067483567E9	0.0	0.0
2.0675172065E9	0.0	0.0
2.067550754E9	0.0	0.0
2.067584073E9	0.0	0.0
2.0676169285E9	0.0	0.0
2.067649369E9	0.0	0.0
2.067681611E9	0.0	0.0
2.0677138205E9	0.0	0.0
2.0677460135E9	0.0	0.0
2.067778124E9	0.0	0.0
2.067810106E9	0.0	0.0
2.067842003E9	0.0	0.0
2.067873862E9	0.0	0.0
2.067905563E9	0.0	0.0
2.0679370935E9	0.0	0.0
2.0679685825E9	0.0	0.0
2.067999981E9	0.0	0.0
2.068031227E9	0.0	0.0
2.0680621725E9	0.0	0.0
2.0680928915E9	0.0	0.0
2.0681232945E9	0.0	0.0
2.0681533735E9	0.0	0.0
2.0681834185E9	0.0	0.0
2.068213411E9	0.0	0.0
2.068243323E9	0.0	0.0
2.0682731795E9	0.0	0.0
2.0683029755E9	0.0	0.0
2.0683327055E9	0.0	0.0
2.0683623225E9	0.0	0.0
2.0683917925E9	0.0	0.0
2.0684211705E9	0.0	0.0
2.0684504815E9	0.0	0.0
2.0684796705E9	0.0	0.0
2.0685086615E9	0.0	0.0
2.0685375405E9	0.0	0.0
2.0685663755E9	0.0	0.0
2.0685951705E9	0.0	0.0
2.068623879E9	0.0	0.0
2.0686525055E9	0.0	0.0
2.068681095E9	0.0	0.0
2.068709649E9	0.0	0.0
2.068738037E9	0.0	0.0
2.0687662505E9	0.0	0.0
2.068794412E9	0.0	0.0
2.068822535E9	0.0	0.0
2.068850427E9	0.0	0.0
2.068877977E9	0.0	0.0
2.0689054085E9	0.0	0.0
2.0689326215E9	0.0	0.0
2.06895959E9	0.0	0.0
2.068986372E9	0.0	0.0
2.069012931E9	0.0	0.0
2.0690394145E9	0.0	0.0
2.069065816E9	0.0	0.0
2.0690920755E9	0.0	0.0
2.0691179945E9	0.0	0.0
2.069143631E9	0.0	0.0
2.069169143E9	0.0	0.0
2.0691943855E9	0.0	0.0
2.069218939E9	0.0	0.0
2.0692429175E9	0.0	0.0
2.069266664E9	0.0	0.0
2.0692895315E9	0.0	0.0
2.069311225E9	0.0	0.0
2.0693321245E9	0.0	0.0
2.069352687E9	0.0	0.0
2.069373214E9	0.0	0.0
2.069393374E9	0.0	0.0
2.069413149E9	0.0	0.0
2.069432396E9	0.0	0.0
2.069450749E9	0.0	0.0
2.069468332E9	0.0	0.0
2.0694846915E9	0.0	0.0
2.0694999495E9	0.0	0.0
2.0695119495E9	0.0	0.0
2.069520423E9	0.0	0.0
2.0695248965E9	0.0	0.0
2.0695258965E9	0.0	0.0
