#Coverage	Number of genomic locations
0.0	4.0380235E7
1.0	1.4741965E7
2.0	1.2184969E7
3.0	1.0957423E7
4.0	1.1251487E7
5.0	1.2407866E7
6.0	1.4703264E7
7.0	1.8144317E7
8.0	2.2767097E7
9.0	2.8409124E7
10.0	3.4833183E7
11.0	4.1520005E7
12.0	4.8094299E7
13.0	5.3943436E7
14.0	5.8690303E7
15.0	6.2024831E7
16.0	6.3939883E7
17.0	6.4414307E7
18.0	6.3689141E7
19.0	6.202858E7
20.0	5.9736162E7
21.0	5.7195205E7
22.0	5.4646202E7
23.0	5.2260121E7
24.0	5.024616E7
25.0	4.866152E7
26.0	4.7408818E7
27.0	4.6503839E7
28.0	4.5826132E7
29.0	4.5299477E7
30.0	4.4746739E7
31.0	4.4102998E7
32.0	4.3288216E7
33.0	4.2264885E7
34.0	4.0989842E7
35.0	3.9418913E7
36.0	3.7576962E7
37.0	3.5565813E7
38.0	3.3368139E7
39.0	3.1053659E7
40.0	2.8663859E7
41.0	2.6274785E7
42.0	2.3917534E7
43.0	2.164376E7
44.0	1.9475717E7
45.0	1.7443165E7
46.0	1.5562121E7
47.0	1.383747E7
48.0	1.2292679E7
49.0	1.0908889E7
50.0	9684319.0
51.0	8607548.0
52.0	7640987.0
53.0	6803213.0
54.0	6075706.0
55.0	5438147.0
56.0	4884332.0
57.0	4404029.0
58.0	3985623.0
59.0	3619592.0
60.0	3288712.0
61.0	3009275.0
62.0	2750543.0
63.0	2528823.0
64.0	2322919.0
65.0	2143912.0
66.0	1985323.0
67.0	1836141.0
68.0	1701756.0
69.0	1579766.0
70.0	1469619.0
71.0	1364536.0
72.0	1271042.0
73.0	1188504.0
74.0	1106513.0
75.0	1030949.0
76.0	966426.0
77.0	907280.0
78.0	850124.0
79.0	798891.0
80.0	747839.0
81.0	704704.0
82.0	659980.0
83.0	620907.0
84.0	584445.0
85.0	549514.0
86.0	517381.0
87.0	485048.0
88.0	459016.0
89.0	433663.0
90.0	408478.0
91.0	385773.0
92.0	363968.0
93.0	345648.0
94.0	325719.0
95.0	307507.0
96.0	290211.0
97.0	276458.0
98.0	262037.0
99.0	249076.0
100.0	235934.0
101.0	222030.0
102.0	212064.0
103.0	201186.0
104.0	191801.0
105.0	183555.0
106.0	174631.0
107.0	165867.0
108.0	156562.0
109.0	149923.0
110.0	142167.0
111.0	135566.0
112.0	129364.0
113.0	123303.0
114.0	118341.0
115.0	111693.0
116.0	107142.0
117.0	102300.0
118.0	96013.0
119.0	92422.0
120.0	88119.0
121.0	85042.0
122.0	81545.0
123.0	78835.0
124.0	75017.0
125.0	71069.0
126.0	67756.0
127.0	65024.0
128.0	62045.0
129.0	60403.0
130.0	57817.0
131.0	55336.0
132.0	52985.0
133.0	51113.0
134.0	48242.0
135.0	45687.0
136.0	44491.0
137.0	42239.0
138.0	41539.0
139.0	40198.0
140.0	38519.0
141.0	36998.0
142.0	35577.0
143.0	34140.0
144.0	33310.0
145.0	32114.0
146.0	31018.0
147.0	29716.0
148.0	28908.0
149.0	28074.0
150.0	26852.0
151.0	25646.0
152.0	25070.0
153.0	24253.0
154.0	23206.0
155.0	22302.0
156.0	21681.0
157.0	20887.0
158.0	20276.0
159.0	19632.0
160.0	18955.0
161.0	18612.0
162.0	17834.0
163.0	17394.0
164.0	16881.0
165.0	16075.0
166.0	15678.0
167.0	15075.0
168.0	14659.0
169.0	14182.0
170.0	13946.0
171.0	13407.0
172.0	12877.0
173.0	12415.0
174.0	11937.0
175.0	11701.0
176.0	11401.0
177.0	11345.0
178.0	10624.0
179.0	10298.0
180.0	10244.0
181.0	10011.0
182.0	9700.0
183.0	9448.0
184.0	9126.0
185.0	9032.0
186.0	8767.0
187.0	8294.0
188.0	8225.0
189.0	7872.0
190.0	7730.0
191.0	7339.0
192.0	7218.0
193.0	7026.0
194.0	6759.0
195.0	6533.0
196.0	6257.0
197.0	6197.0
198.0	5912.0
199.0	5866.0
200.0	5587.0
201.0	5574.0
202.0	5326.0
203.0	5235.0
204.0	5089.0
205.0	5107.0
206.0	4955.0
207.0	4934.0
208.0	4674.0
209.0	4523.0
210.0	4439.0
211.0	4180.0
212.0	4398.0
213.0	4232.0
214.0	4221.0
215.0	4198.0
216.0	3972.0
217.0	3849.0
218.0	3742.0
219.0	3843.0
220.0	3701.0
221.0	3655.0
222.0	3582.0
223.0	3393.0
224.0	3324.0
225.0	3252.0
226.0	3261.0
227.0	3167.0
228.0	3150.0
229.0	2937.0
230.0	2970.0
231.0	2913.0
232.0	2954.0
233.0	2852.0
234.0	2748.0
235.0	2774.0
236.0	2652.0
237.0	2595.0
238.0	2511.0
239.0	2427.0
240.0	2507.0
241.0	2356.0
242.0	2334.0
243.0	2264.0
244.0	2293.0
245.0	2325.0
246.0	2279.0
247.0	2174.0
248.0	2044.0
249.0	2047.0
250.0	1968.0
251.0	1950.0
252.0	1841.0
253.0	1798.0
254.0	1902.0
255.0	1830.0
256.0	1855.0
257.0	1799.0
258.0	1758.0
259.0	1644.0
260.0	1626.0
261.0	1647.0
262.0	1681.0
263.0	1596.0
264.0	1564.0
265.0	1543.0
266.0	1496.0
267.0	1428.0
268.0	1422.0
269.0	1425.0
270.0	1463.0
271.0	1416.0
272.0	1426.0
273.0	1379.0
274.0	1319.0
275.0	1384.0
276.0	1303.0
277.0	1248.0
278.0	1250.0
279.0	1207.0
280.0	1244.0
281.0	1211.0
282.0	1203.0
283.0	1183.0
284.0	1193.0
285.0	1134.0
286.0	1121.0
287.0	1109.0
288.0	1197.0
289.0	1152.0
290.0	1116.0
291.0	1109.0
292.0	1118.0
293.0	1053.0
294.0	1060.0
295.0	1029.0
296.0	1046.0
297.0	1099.0
298.0	1097.0
299.0	1083.0
300.0	1057.0
301.0	976.0
302.0	953.0
303.0	969.0
304.0	1002.0
305.0	1048.0
306.0	997.0
307.0	977.0
308.0	861.0
309.0	943.0
310.0	889.0
311.0	943.0
312.0	913.0
313.0	858.0
314.0	840.0
315.0	853.0
316.0	842.0
317.0	842.0
318.0	768.0
319.0	774.0
320.0	717.0
321.0	740.0
322.0	719.0
323.0	758.0
324.0	729.0
325.0	719.0
326.0	725.0
327.0	648.0
328.0	650.0
329.0	670.0
330.0	659.0
331.0	665.0
332.0	648.0
333.0	592.0
334.0	576.0
335.0	614.0
336.0	614.0
337.0	616.0
338.0	566.0
339.0	513.0
340.0	550.0
341.0	532.0
342.0	548.0
343.0	519.0
344.0	520.0
345.0	519.0
346.0	490.0
347.0	534.0
348.0	507.0
349.0	480.0
350.0	511.0
351.0	492.0
352.0	499.0
353.0	514.0
354.0	482.0
355.0	464.0
356.0	473.0
357.0	508.0
358.0	487.0
359.0	506.0
360.0	477.0
361.0	460.0
362.0	428.0
363.0	458.0
364.0	461.0
365.0	453.0
366.0	483.0
367.0	409.0
368.0	475.0
369.0	466.0
370.0	454.0
371.0	455.0
372.0	445.0
373.0	392.0
374.0	420.0
375.0	401.0
376.0	437.0
377.0	460.0
378.0	465.0
379.0	456.0
380.0	405.0
381.0	405.0
382.0	411.0
383.0	387.0
384.0	341.0
385.0	326.0
386.0	336.0
387.0	341.0
388.0	365.0
389.0	375.0
390.0	390.0
391.0	377.0
392.0	375.0
393.0	360.0
394.0	385.0
395.0	364.0
396.0	333.0
397.0	334.0
398.0	322.0
399.0	347.0
400.0	346.0
401.0	315.0
402.0	306.0
403.0	349.0
404.0	332.0
405.0	337.0
406.0	329.0
407.0	302.0
408.0	308.0
409.0	325.0
410.0	288.0
411.0	294.0
412.0	349.0
413.0	308.0
414.0	316.0
415.0	292.0
416.0	320.0
417.0	282.0
418.0	290.0
419.0	320.0
420.0	356.0
421.0	280.0
422.0	321.0
423.0	307.0
424.0	287.0
425.0	266.0
426.0	281.0
427.0	313.0
428.0	320.0
429.0	308.0
430.0	291.0
431.0	276.0
432.0	283.0
433.0	280.0
434.0	268.0
435.0	289.0
436.0	232.0
437.0	277.0
438.0	299.0
439.0	279.0
440.0	305.0
441.0	262.0
442.0	252.0
443.0	290.0
444.0	287.0
445.0	247.0
446.0	242.0
447.0	253.0
448.0	255.0
449.0	272.0
450.0	267.0
451.0	242.0
452.0	249.0
453.0	275.0
454.0	267.0
455.0	244.0
456.0	205.0
457.0	240.0
458.0	226.0
459.0	225.0
460.0	216.0
461.0	209.0
462.0	207.0
463.0	236.0
464.0	232.0
465.0	217.0
466.0	214.0
467.0	227.0
468.0	206.0
469.0	196.0
470.0	227.0
471.0	230.0
472.0	252.0
473.0	214.0
474.0	205.0
475.0	187.0
476.0	211.0
477.0	211.0
478.0	197.0
479.0	204.0
480.0	189.0
481.0	196.0
482.0	211.0
483.0	171.0
484.0	189.0
485.0	191.0
486.0	187.0
487.0	202.0
488.0	192.0
489.0	191.0
490.0	206.0
491.0	232.0
492.0	200.0
493.0	187.0
494.0	198.0
495.0	215.0
496.0	191.0
497.0	177.0
498.0	176.0
499.0	201.0
500.0	186.0
501.0	201.0
502.0	182.0
503.0	189.0
504.0	227.0
505.0	199.0
506.0	220.0
507.0	179.0
508.0	191.0
509.0	200.0
510.0	176.0
511.0	162.0
512.0	178.0
513.0	187.0
514.0	182.0
515.0	210.0
516.0	195.0
517.0	196.0
518.0	174.0
519.0	189.0
520.0	168.0
521.0	189.0
522.0	146.0
523.0	151.0
524.0	161.0
525.0	152.0
526.0	150.0
527.0	139.0
528.0	122.0
529.0	162.0
530.0	147.0
531.0	153.0
532.0	157.0
533.0	158.0
534.0	159.0
535.0	153.0
536.0	162.0
537.0	188.0
538.0	171.0
539.0	156.0
540.0	147.0
541.0	131.0
542.0	156.0
543.0	151.0
544.0	116.0
545.0	123.0
546.0	131.0
547.0	133.0
548.0	126.0
549.0	130.0
550.0	118.0
551.0	109.0
552.0	107.0
553.0	130.0
554.0	146.0
555.0	122.0
556.0	140.0
557.0	132.0
558.0	146.0
559.0	139.0
560.0	130.0
561.0	123.0
562.0	118.0
563.0	127.0
564.0	136.0
565.0	127.0
566.0	122.0
567.0	115.0
568.0	151.0
569.0	150.0
570.0	130.0
571.0	127.0
572.0	143.0
573.0	111.0
574.0	138.0
575.0	154.0
576.0	139.0
577.0	146.0
578.0	117.0
579.0	143.0
580.0	136.0
581.0	99.0
582.0	112.0
583.0	102.0
584.0	112.0
585.0	104.0
586.0	113.0
587.0	130.0
588.0	116.0
589.0	120.0
590.0	113.0
591.0	145.0
592.0	111.0
593.0	122.0
594.0	117.0
595.0	112.0
596.0	106.0
597.0	109.0
598.0	133.0
599.0	116.0
600.0	105.0
601.0	104.0
602.0	108.0
603.0	108.0
604.0	105.0
605.0	111.0
606.0	110.0
607.0	118.0
608.0	111.0
609.0	131.0
610.0	120.0
611.0	93.0
612.0	119.0
613.0	126.0
614.0	103.0
615.0	104.0
616.0	110.0
617.0	94.0
618.0	117.0
619.0	139.0
620.0	115.0
621.0	98.0
622.0	120.0
623.0	124.0
624.0	91.0
625.0	112.0
626.0	88.0
627.0	104.0
628.0	89.0
629.0	99.0
630.0	88.0
631.0	92.0
632.0	111.0
633.0	97.0
634.0	100.0
635.0	95.0
636.0	93.0
637.0	109.0
638.0	115.0
639.0	94.0
640.0	114.0
641.0	110.0
642.0	136.0
643.0	95.0
644.0	103.0
645.0	102.0
646.0	102.0
647.0	105.0
648.0	95.0
649.0	92.0
650.0	102.0
651.0	94.0
652.0	88.0
653.0	100.0
654.0	97.0
655.0	96.0
656.0	109.0
657.0	91.0
658.0	94.0
659.0	93.0
660.0	81.0
661.0	103.0
662.0	89.0
663.0	96.0
664.0	76.0
665.0	83.0
666.0	97.0
667.0	101.0
668.0	72.0
669.0	83.0
670.0	86.0
671.0	95.0
672.0	99.0
673.0	104.0
674.0	86.0
675.0	87.0
676.0	100.0
677.0	108.0
678.0	88.0
679.0	92.0
680.0	86.0
681.0	81.0
682.0	80.0
683.0	76.0
684.0	79.0
685.0	66.0
686.0	64.0
687.0	72.0
688.0	81.0
689.0	87.0
690.0	93.0
691.0	70.0
692.0	72.0
693.0	76.0
694.0	73.0
695.0	61.0
696.0	62.0
697.0	71.0
698.0	84.0
699.0	86.0
700.0	56.0
701.0	65.0
702.0	78.0
703.0	63.0
704.0	65.0
705.0	68.0
706.0	67.0
707.0	89.0
708.0	79.0
709.0	59.0
710.0	81.0
711.0	79.0
712.0	86.0
713.0	54.0
714.0	69.0
715.0	67.0
716.0	64.0
717.0	94.0
718.0	60.0
719.0	73.0
720.0	86.0
721.0	79.0
722.0	73.0
723.0	61.0
724.0	66.0
725.0	55.0
726.0	61.0
727.0	73.0
728.0	54.0
729.0	58.0
730.0	49.0
731.0	63.0
732.0	56.0
733.0	57.0
734.0	62.0
735.0	53.0
736.0	59.0
737.0	56.0
738.0	59.0
739.0	60.0
740.0	44.0
741.0	70.0
742.0	71.0
743.0	66.0
744.0	61.0
745.0	65.0
746.0	73.0
747.0	44.0
748.0	57.0
749.0	66.0
750.0	74.0
751.0	67.0
752.0	63.0
753.0	63.0
754.0	48.0
755.0	62.0
756.0	48.0
757.0	50.0
758.0	52.0
759.0	60.0
760.0	57.0
761.0	72.0
762.0	65.0
763.0	68.0
764.0	68.0
765.0	74.0
766.0	61.0
767.0	72.0
768.0	52.0
769.0	64.0
770.0	59.0
771.0	69.0
772.0	56.0
773.0	69.0
774.0	63.0
775.0	48.0
776.0	52.0
777.0	58.0
778.0	57.0
779.0	63.0
780.0	72.0
781.0	62.0
782.0	52.0
783.0	49.0
784.0	65.0
785.0	61.0
786.0	54.0
787.0	52.0
788.0	70.0
789.0	57.0
790.0	49.0
791.0	49.0
792.0	56.0
793.0	44.0
794.0	43.0
795.0	57.0
796.0	58.0
797.0	63.0
798.0	35.0
799.0	48.0
800.0	62.0
801.0	61.0
802.0	55.0
803.0	65.0
804.0	41.0
805.0	60.0
806.0	65.0
807.0	46.0
808.0	56.0
809.0	53.0
810.0	60.0
811.0	57.0
812.0	55.0
813.0	58.0
814.0	55.0
815.0	44.0
816.0	42.0
817.0	39.0
818.0	49.0
819.0	38.0
820.0	40.0
821.0	40.0
822.0	32.0
823.0	35.0
824.0	44.0
825.0	43.0
826.0	42.0
827.0	47.0
828.0	29.0
829.0	51.0
830.0	23.0
831.0	31.0
832.0	40.0
833.0	57.0
834.0	47.0
835.0	51.0
836.0	32.0
837.0	46.0
838.0	41.0
839.0	36.0
840.0	54.0
841.0	42.0
842.0	36.0
843.0	31.0
844.0	36.0
845.0	32.0
846.0	39.0
847.0	31.0
848.0	34.0
849.0	40.0
850.0	37.0
851.0	37.0
852.0	37.0
853.0	33.0
854.0	42.0
855.0	40.0
856.0	34.0
857.0	39.0
858.0	37.0
859.0	38.0
860.0	55.0
861.0	47.0
862.0	36.0
863.0	27.0
864.0	33.0
865.0	34.0
866.0	41.0
867.0	46.0
868.0	38.0
869.0	37.0
870.0	35.0
871.0	29.0
872.0	41.0
873.0	45.0
874.0	50.0
875.0	37.0
876.0	34.0
877.0	46.0
878.0	49.0
879.0	42.0
880.0	36.0
881.0	32.0
882.0	39.0
883.0	41.0
884.0	51.0
885.0	46.0
886.0	30.0
887.0	32.0
888.0	28.0
889.0	31.0
890.0	33.0
891.0	36.0
892.0	41.0
893.0	33.0
894.0	30.0
895.0	36.0
896.0	25.0
897.0	39.0
898.0	30.0
899.0	36.0
900.0	38.0
901.0	39.0
902.0	31.0
903.0	32.0
904.0	36.0
905.0	43.0
906.0	33.0
907.0	22.0
908.0	29.0
909.0	35.0
910.0	32.0
911.0	41.0
912.0	43.0
913.0	40.0
914.0	41.0
915.0	34.0
916.0	42.0
917.0	43.0
918.0	39.0
919.0	43.0
920.0	38.0
921.0	33.0
922.0	36.0
923.0	39.0
924.0	33.0
925.0	34.0
926.0	36.0
927.0	28.0
928.0	45.0
929.0	38.0
930.0	35.0
931.0	40.0
932.0	47.0
933.0	44.0
934.0	34.0
935.0	44.0
936.0	38.0
937.0	30.0
938.0	36.0
939.0	37.0
940.0	30.0
941.0	34.0
942.0	33.0
943.0	34.0
944.0	40.0
945.0	34.0
946.0	40.0
947.0	43.0
948.0	37.0
949.0	33.0
950.0	31.0
951.0	28.0
952.0	36.0
953.0	33.0
954.0	27.0
955.0	32.0
956.0	26.0
957.0	27.0
958.0	40.0
959.0	37.0
960.0	36.0
961.0	41.0
962.0	45.0
963.0	35.0
964.0	44.0
965.0	54.0
966.0	39.0
967.0	47.0
968.0	39.0
969.0	47.0
970.0	52.0
971.0	52.0
972.0	42.0
973.0	46.0
974.0	44.0
975.0	68.0
976.0	40.0
977.0	38.0
978.0	48.0
979.0	47.0
980.0	39.0
981.0	39.0
982.0	43.0
983.0	50.0
984.0	44.0
985.0	20.0
986.0	37.0
987.0	48.0
988.0	39.0
989.0	41.0
990.0	39.0
991.0	50.0
992.0	45.0
993.0	39.0
994.0	50.0
995.0	31.0
996.0	48.0
997.0	23.0
998.0	35.0
999.0	39.0
1000.0	32.0
1001.0	37.0
1002.0	35.0
1003.0	36.0
1004.0	36.0
1005.0	29.0
1006.0	46.0
1007.0	40.0
1008.0	36.0
1009.0	38.0
1010.0	40.0
1011.0	36.0
1012.0	42.0
1013.0	38.0
1014.0	39.0
1015.0	35.0
1016.0	25.0
1017.0	31.0
1018.0	31.0
1019.0	24.0
1020.0	31.0
1021.0	25.0
1022.0	38.0
1023.0	37.0
1024.0	30.0
1025.0	35.0
1026.0	24.0
1027.0	45.0
1028.0	28.0
1029.0	24.0
1030.0	19.0
1031.0	29.0
1032.0	30.0
1033.0	39.0
1034.0	33.0
1035.0	31.0
1036.0	23.0
1037.0	31.0
1038.0	20.0
1039.0	28.0
1040.0	38.0
1041.0	32.0
1042.0	36.0
1043.0	31.0
1044.0	31.0
1045.0	39.0
1046.0	37.0
1047.0	32.0
1048.0	38.0
1049.0	23.0
1050.0	29.0
1051.0	31.0
1052.0	33.0
1053.0	30.0
1054.0	23.0
1055.0	30.0
1056.0	25.0
1057.0	34.0
1058.0	39.0
1059.0	29.0
1060.0	25.0
1061.0	37.0
1062.0	35.0
1063.0	20.0
1064.0	16.0
1065.0	26.0
1066.0	25.0
1067.0	25.0
1068.0	30.0
1069.0	24.0
1070.0	17.0
1071.0	26.0
1072.0	34.0
1073.0	17.0
1074.0	25.0
1075.0	22.0
1076.0	16.0
1077.0	13.0
1078.0	24.0
1079.0	26.0
1080.0	33.0
1081.0	15.0
1082.0	19.0
1083.0	20.0
1084.0	23.0
1085.0	28.0
1086.0	26.0
1087.0	29.0
1088.0	20.0
1089.0	14.0
1090.0	31.0
1091.0	33.0
1092.0	16.0
1093.0	17.0
1094.0	30.0
1095.0	24.0
1096.0	17.0
1097.0	16.0
1098.0	21.0
1099.0	25.0
1100.0	18.0
1101.0	22.0
1102.0	16.0
1103.0	20.0
1104.0	24.0
1105.0	21.0
1106.0	13.0
1107.0	20.0
1108.0	33.0
1109.0	22.0
1110.0	16.0
1111.0	24.0
1112.0	16.0
1113.0	29.0
1114.0	30.0
1115.0	29.0
1116.0	22.0
1117.0	19.0
1118.0	19.0
1119.0	23.0
1120.0	30.0
1121.0	18.0
1122.0	25.0
1123.0	26.0
1124.0	21.0
1125.0	24.0
1126.0	28.0
1127.0	15.0
1128.0	19.0
1129.0	21.0
1130.0	9.0
1131.0	22.0
1132.0	25.0
1133.0	24.0
1134.0	22.0
1135.0	20.0
1136.0	41.0
1137.0	37.0
1138.0	23.0
1139.0	19.0
1140.0	20.0
1141.0	23.0
1142.0	25.0
1143.0	25.0
1144.0	30.0
1145.0	21.0
1146.0	21.0
1147.0	26.0
1148.0	25.0
1149.0	36.0
1150.0	19.0
1151.0	17.0
1152.0	17.0
1153.0	22.0
1154.0	28.0
1155.0	24.0
1156.0	14.0
1157.0	21.0
1158.0	16.0
1159.0	25.0
1160.0	24.0
1161.0	31.0
1162.0	37.0
1163.0	25.0
1164.0	28.0
1165.0	28.0
1166.0	19.0
1167.0	8.0
1168.0	22.0
1169.0	16.0
1170.0	26.0
1171.0	24.0
1172.0	27.0
1173.0	29.0
1174.0	21.0
1175.0	25.0
1176.0	15.0
1177.0	20.0
1178.0	25.0
1179.0	30.0
1180.0	25.0
1181.0	23.0
1182.0	17.0
1183.0	26.0
1184.0	24.0
1185.0	24.0
1186.0	22.0
1187.0	31.0
1188.0	28.0
1189.0	32.0
1190.0	24.0
1191.0	25.0
1192.0	27.0
1193.0	25.0
1194.0	29.0
1195.0	29.0
1196.0	24.0
1197.0	17.0
1198.0	26.0
1199.0	18.0
1200.0	21.0
1201.0	29.0
1202.0	23.0
1203.0	30.0
1204.0	20.0
1205.0	21.0
1206.0	21.0
1207.0	25.0
1208.0	24.0
1209.0	28.0
1210.0	21.0
1211.0	25.0
1212.0	24.0
1213.0	15.0
1214.0	24.0
1215.0	15.0
1216.0	26.0
1217.0	21.0
1218.0	19.0
1219.0	19.0
1220.0	11.0
1221.0	26.0
1222.0	12.0
1223.0	16.0
1224.0	15.0
1225.0	20.0
1226.0	18.0
1227.0	21.0
1228.0	9.0
1229.0	20.0
1230.0	26.0
1231.0	17.0
1232.0	16.0
1233.0	21.0
1234.0	16.0
1235.0	24.0
1236.0	21.0
1237.0	20.0
1238.0	18.0
1239.0	14.0
1240.0	25.0
1241.0	23.0
1242.0	22.0
1243.0	18.0
1244.0	21.0
1245.0	16.0
1246.0	22.0
1247.0	23.0
1248.0	17.0
1249.0	17.0
1250.0	17.0
1251.0	20.0
1252.0	25.0
1253.0	22.0
1254.0	27.0
1255.0	17.0
1256.0	17.0
1257.0	29.0
1258.0	23.0
1259.0	15.0
1260.0	19.0
1261.0	16.0
1262.0	17.0
1263.0	22.0
1264.0	22.0
1265.0	15.0
1266.0	11.0
1267.0	18.0
1268.0	14.0
1269.0	13.0
1270.0	15.0
1271.0	15.0
1272.0	13.0
1273.0	19.0
1274.0	16.0
1275.0	11.0
1276.0	11.0
1277.0	16.0
1278.0	13.0
1279.0	6.0
1280.0	18.0
1281.0	20.0
1282.0	16.0
1283.0	9.0
1284.0	9.0
1285.0	6.0
1286.0	7.0
1287.0	9.0
1288.0	13.0
1289.0	13.0
1290.0	13.0
1291.0	17.0
1292.0	17.0
1293.0	21.0
1294.0	12.0
1295.0	10.0
1296.0	9.0
1297.0	12.0
1298.0	17.0
1299.0	7.0
1300.0	20.0
1301.0	13.0
1302.0	14.0
1303.0	16.0
1304.0	13.0
1305.0	17.0
1306.0	12.0
1307.0	17.0
1308.0	20.0
1309.0	18.0
1310.0	8.0
1311.0	17.0
1312.0	17.0
1313.0	9.0
1314.0	17.0
1315.0	11.0
1316.0	19.0
1317.0	20.0
1318.0	7.0
1319.0	16.0
1320.0	22.0
1321.0	14.0
1322.0	18.0
1323.0	15.0
1324.0	16.0
1325.0	11.0
1326.0	10.0
1327.0	20.0
1328.0	18.0
1329.0	18.0
1330.0	15.0
1331.0	16.0
1332.0	11.0
1333.0	9.0
1334.0	16.0
1335.0	23.0
1336.0	17.0
1337.0	16.0
1338.0	18.0
1339.0	13.0
1340.0	9.0
1341.0	20.0
1342.0	17.0
1343.0	8.0
1344.0	14.0
1345.0	12.0
1346.0	13.0
1347.0	13.0
1348.0	18.0
1349.0	11.0
1350.0	7.0
1351.0	15.0
1352.0	14.0
1353.0	7.0
1354.0	11.0
1355.0	13.0
1356.0	11.0
1357.0	7.0
1358.0	12.0
1359.0	15.0
1360.0	6.0
1361.0	11.0
1362.0	13.0
1363.0	10.0
1364.0	9.0
1365.0	8.0
1366.0	11.0
1367.0	13.0
1368.0	9.0
1369.0	10.0
1370.0	12.0
1371.0	5.0
1372.0	15.0
1373.0	19.0
1374.0	12.0
1375.0	8.0
1376.0	13.0
1377.0	14.0
1378.0	14.0
1379.0	11.0
1380.0	20.0
1381.0	19.0
1382.0	10.0
1383.0	13.0
1384.0	12.0
1385.0	11.0
1386.0	13.0
1387.0	9.0
1388.0	10.0
1389.0	10.0
1390.0	12.0
1391.0	8.0
1392.0	13.0
1393.0	14.0
1394.0	11.0
1395.0	7.0
1396.0	11.0
1397.0	8.0
1398.0	6.0
1399.0	9.0
1400.0	9.0
1401.0	7.0
1402.0	10.0
1403.0	9.0
1404.0	11.0
1405.0	8.0
1406.0	9.0
1407.0	6.0
1408.0	10.0
1409.0	13.0
1410.0	5.0
1411.0	9.0
1412.0	5.0
1413.0	8.0
1414.0	8.0
1415.0	5.0
1416.0	14.0
1417.0	3.0
1418.0	6.0
1419.0	8.0
1420.0	7.0
1421.0	12.0
1422.0	13.0
1423.0	7.0
1424.0	7.0
1425.0	11.0
1426.0	8.0
1427.0	8.0
1428.0	7.0
1429.0	10.0
1430.0	3.0
1431.0	11.0
1432.0	9.0
1433.0	9.0
1434.0	7.0
1435.0	6.0
1436.0	8.0
1437.0	3.0
1438.0	10.0
1439.0	10.0
1440.0	11.0
1441.0	7.0
1442.0	7.0
1443.0	8.0
1444.0	12.0
1445.0	14.0
1446.0	16.0
1447.0	10.0
1448.0	9.0
1449.0	13.0
1450.0	16.0
1451.0	7.0
1452.0	4.0
1453.0	10.0
1454.0	4.0
1455.0	2.0
1456.0	16.0
1457.0	17.0
1458.0	11.0
1459.0	12.0
1460.0	19.0
1461.0	8.0
1462.0	8.0
1463.0	6.0
1464.0	11.0
1465.0	6.0
1466.0	7.0
1467.0	3.0
1468.0	9.0
1469.0	7.0
1470.0	7.0
1471.0	8.0
1472.0	8.0
1473.0	3.0
1474.0	8.0
1475.0	7.0
1476.0	10.0
1477.0	4.0
1478.0	7.0
1479.0	5.0
1480.0	6.0
1481.0	8.0
1482.0	7.0
1483.0	5.0
1484.0	6.0
1485.0	4.0
1486.0	6.0
1487.0	10.0
1488.0	6.0
1489.0	8.0
1490.0	7.0
1491.0	10.0
1492.0	6.0
1493.0	6.0
1494.0	9.0
1495.0	9.0
1496.0	7.0
1497.0	6.0
1498.0	5.0
1499.0	7.0
1500.0	8.0
1501.0	6.0
1502.0	13.0
1503.0	3.0
1504.0	9.0
1505.0	6.0
1506.0	7.0
1507.0	7.0
1508.0	5.0
1509.0	12.0
1510.0	7.0
1511.0	7.0
1512.0	6.0
1513.0	9.0
1514.0	16.0
1515.0	9.0
1516.0	9.0
1517.0	6.0
1518.0	10.0
1519.0	8.0
1520.0	5.0
1521.0	12.0
1522.0	9.0
1523.0	7.0
1524.0	8.0
1525.0	13.0
1526.0	11.0
1527.0	6.0
1528.0	10.0
1529.0	6.0
1530.0	10.0
1531.0	8.0
1532.0	7.0
1533.0	14.0
1534.0	12.0
1535.0	8.0
1536.0	4.0
1537.0	9.0
1538.0	11.0
1539.0	9.0
1540.0	8.0
1541.0	7.0
1542.0	3.0
1543.0	8.0
1544.0	8.0
1545.0	7.0
1546.0	3.0
1547.0	8.0
1548.0	3.0
1549.0	10.0
1550.0	11.0
1551.0	7.0
1552.0	7.0
1553.0	9.0
1554.0	3.0
1555.0	10.0
1556.0	10.0
1557.0	12.0
1558.0	4.0
1559.0	6.0
1560.0	7.0
1561.0	11.0
1562.0	3.0
1563.0	13.0
1564.0	4.0
1565.0	7.0
1566.0	7.0
1567.0	3.0
1568.0	14.0
1569.0	6.0
1570.0	6.0
1571.0	12.0
1572.0	7.0
1573.0	8.0
1574.0	7.0
1575.0	9.0
1576.0	7.0
1577.0	10.0
1578.0	8.0
1579.0	10.0
1580.0	8.0
1581.0	6.0
1582.0	3.0
1583.0	7.0
1584.0	9.0
1585.0	7.0
1586.0	15.0
1587.0	10.0
1588.0	8.0
1589.0	5.0
1590.0	10.0
1591.0	8.0
1592.0	11.0
1593.0	11.0
1594.0	6.0
1595.0	10.0
1596.0	12.0
1597.0	9.0
1598.0	10.0
1599.0	10.0
1600.0	13.0
1601.0	10.0
1602.0	8.0
1603.0	6.0
1604.0	10.0
1605.0	11.0
1606.0	12.0
1607.0	6.0
1608.0	11.0
1609.0	17.0
1610.0	12.0
1611.0	8.0
1612.0	5.0
1613.0	10.0
1614.0	4.0
1615.0	6.0
1616.0	9.0
1617.0	4.0
1618.0	8.0
1619.0	10.0
1620.0	8.0
1621.0	6.0
1622.0	6.0
1623.0	6.0
1624.0	13.0
1625.0	6.0
1626.0	8.0
1627.0	5.0
1628.0	11.0
1629.0	3.0
1630.0	4.0
1631.0	5.0
1632.0	6.0
1633.0	5.0
1634.0	7.0
1635.0	6.0
1636.0	6.0
1637.0	5.0
1638.0	7.0
1639.0	5.0
1640.0	2.0
1641.0	8.0
1642.0	5.0
1643.0	3.0
1644.0	12.0
1645.0	4.0
1646.0	4.0
1647.0	2.0
1648.0	3.0
1649.0	8.0
1650.0	6.0
1651.0	9.0
1652.0	7.0
1653.0	4.0
1654.0	5.0
1655.0	5.0
1656.0	2.0
1657.0	7.0
1658.0	8.0
1659.0	7.0
1660.0	4.0
1661.0	6.0
1662.0	9.0
1663.0	4.0
1664.0	4.0
1665.0	9.0
1666.0	10.0
1667.0	6.0
1668.0	10.0
1669.0	6.0
1670.0	11.0
1671.0	8.0
1672.0	9.0
1673.0	5.0
1674.0	11.0
1675.0	4.0
1676.0	8.0
1677.0	10.0
1678.0	5.0
1679.0	10.0
1680.0	6.0
1681.0	8.0
1682.0	6.0
1683.0	6.0
1684.0	12.0
1685.0	7.0
1686.0	11.0
1687.0	8.0
1688.0	10.0
1689.0	3.0
1690.0	2.0
1691.0	5.0
1692.0	6.0
1693.0	7.0
1694.0	6.0
1695.0	7.0
1696.0	3.0
1697.0	3.0
1698.0	3.0
1699.0	4.0
1700.0	6.0
1701.0	7.0
1702.0	4.0
1703.0	9.0
1704.0	5.0
1705.0	5.0
1706.0	6.0
1707.0	10.0
1708.0	5.0
1709.0	7.0
1710.0	10.0
1711.0	4.0
1712.0	6.0
1713.0	10.0
1714.0	7.0
1715.0	9.0
1716.0	4.0
1717.0	5.0
1718.0	9.0
1719.0	4.0
1720.0	6.0
1721.0	5.0
1722.0	8.0
1723.0	8.0
1724.0	5.0
1725.0	5.0
1726.0	11.0
1727.0	7.0
1728.0	8.0
1729.0	7.0
1730.0	3.0
1731.0	3.0
1732.0	6.0
1733.0	8.0
1734.0	7.0
1735.0	4.0
1736.0	4.0
1737.0	10.0
1738.0	6.0
1739.0	4.0
1740.0	6.0
1741.0	4.0
1742.0	7.0
1743.0	7.0
1744.0	2.0
1745.0	4.0
1746.0	6.0
1747.0	8.0
1748.0	5.0
1749.0	4.0
1750.0	7.0
1751.0	5.0
1752.0	3.0
1753.0	8.0
1754.0	6.0
1755.0	9.0
1756.0	4.0
1757.0	6.0
1758.0	6.0
1759.0	4.0
1760.0	8.0
1761.0	6.0
1762.0	4.0
1763.0	10.0
1764.0	8.0
1765.0	7.0
1766.0	8.0
1767.0	10.0
1768.0	6.0
1769.0	4.0
1770.0	7.0
1771.0	8.0
1772.0	6.0
1773.0	6.0
1774.0	9.0
1775.0	5.0
1776.0	5.0
1777.0	6.0
1778.0	4.0
1779.0	5.0
1780.0	3.0
1781.0	8.0
1782.0	8.0
1783.0	8.0
1784.0	5.0
1785.0	6.0
1786.0	10.0
1787.0	15.0
1788.0	4.0
1789.0	5.0
1790.0	9.0
1791.0	2.0
1792.0	8.0
1793.0	3.0
1794.0	10.0
1795.0	6.0
1796.0	3.0
1797.0	7.0
1798.0	5.0
1799.0	9.0
1800.0	8.0
1801.0	11.0
1802.0	13.0
1803.0	8.0
1804.0	8.0
1805.0	7.0
1806.0	7.0
1807.0	4.0
1808.0	4.0
1809.0	5.0
1810.0	4.0
1811.0	4.0
1812.0	1.0
1813.0	3.0
1814.0	1.0
1815.0	1.0
1816.0	2.0
1817.0	4.0
1818.0	3.0
1819.0	5.0
1820.0	5.0
1821.0	7.0
1823.0	5.0
1824.0	2.0
1825.0	2.0
1826.0	3.0
1827.0	8.0
1828.0	1.0
1829.0	6.0
1830.0	5.0
1831.0	2.0
1833.0	3.0
1834.0	3.0
1835.0	1.0
1836.0	3.0
1837.0	2.0
1838.0	12.0
1840.0	3.0
1841.0	7.0
1842.0	8.0
1843.0	7.0
1845.0	1.0
1846.0	2.0
1847.0	3.0
1848.0	4.0
1849.0	2.0
1850.0	6.0
1851.0	5.0
1852.0	2.0
1853.0	3.0
1854.0	6.0
1855.0	3.0
1856.0	4.0
1857.0	5.0
1858.0	2.0
1859.0	6.0
1860.0	5.0
1861.0	6.0
1862.0	6.0
1863.0	2.0
1864.0	3.0
1865.0	3.0
1866.0	3.0
1867.0	5.0
1868.0	1.0
1869.0	2.0
1870.0	5.0
1871.0	8.0
1872.0	4.0
1873.0	3.0
1874.0	4.0
1875.0	8.0
1876.0	3.0
1877.0	4.0
1878.0	6.0
1879.0	4.0
1880.0	6.0
1881.0	7.0
1882.0	1.0
1883.0	3.0
1884.0	3.0
1886.0	4.0
1887.0	4.0
1888.0	1.0
1889.0	3.0
1890.0	5.0
1891.0	3.0
1892.0	2.0
1893.0	2.0
1894.0	3.0
1895.0	1.0
1896.0	4.0
1897.0	2.0
1898.0	1.0
1899.0	4.0
1900.0	6.0
1901.0	5.0
1902.0	7.0
1903.0	7.0
1904.0	5.0
1905.0	7.0
1906.0	5.0
1907.0	1.0
1909.0	4.0
1910.0	3.0
1911.0	5.0
1912.0	1.0
1913.0	3.0
1914.0	8.0
1915.0	3.0
1916.0	3.0
1917.0	3.0
1918.0	2.0
1919.0	3.0
1920.0	3.0
1921.0	5.0
1922.0	5.0
1923.0	1.0
1924.0	3.0
1925.0	4.0
1926.0	4.0
1927.0	2.0
1928.0	6.0
1929.0	3.0
1930.0	5.0
1931.0	3.0
1932.0	10.0
1933.0	2.0
1934.0	1.0
1935.0	1.0
1936.0	3.0
1937.0	6.0
1938.0	1.0
1939.0	6.0
1940.0	3.0
1941.0	2.0
1942.0	3.0
1944.0	5.0
1945.0	1.0
1946.0	1.0
1947.0	1.0
1948.0	4.0
1949.0	2.0
1951.0	1.0
1952.0	7.0
1953.0	4.0
1954.0	4.0
1955.0	8.0
1956.0	3.0
1957.0	6.0
1958.0	1.0
1959.0	2.0
1960.0	1.0
1961.0	4.0
1962.0	5.0
1963.0	3.0
1964.0	3.0
1965.0	4.0
1966.0	2.0
1967.0	3.0
1968.0	2.0
1969.0	3.0
1971.0	3.0
1972.0	5.0
1973.0	2.0
1974.0	5.0
1975.0	3.0
1976.0	5.0
1977.0	5.0
1978.0	4.0
1979.0	3.0
1980.0	2.0
1981.0	1.0
1982.0	2.0
1984.0	3.0
1985.0	1.0
1987.0	4.0
1988.0	1.0
1989.0	4.0
1990.0	2.0
1991.0	2.0
1992.0	1.0
1993.0	5.0
1994.0	2.0
1995.0	1.0
1996.0	2.0
1997.0	1.0
1999.0	2.0
2000.0	2.0
2001.0	3.0
2002.0	1.0
2003.0	2.0
2004.0	5.0
2006.0	2.0
2007.0	2.0
2009.0	4.0
2010.0	4.0
2011.0	7.0
2012.0	2.0
2013.0	5.0
2015.0	3.0
2016.0	1.0
2017.0	3.0
2018.0	4.0
2019.0	2.0
2020.0	4.0
2021.0	3.0
2022.0	5.0
2024.0	3.0
2025.0	3.0
2027.0	6.0
2028.0	1.0
2029.0	2.0
2030.0	2.0
2031.0	2.0
2032.0	3.0
2034.0	5.0
2035.0	4.0
2036.0	5.0
2037.0	4.0
2038.0	3.0
2039.0	10.0
2040.0	5.0
2041.0	15.0
2042.0	4.0
2043.0	3.0
2044.0	1.0
2045.0	1.0
2046.0	2.0
2047.0	2.0
2048.0	7.0
2049.0	5.0
2050.0	4.0
2051.0	3.0
2052.0	2.0
2053.0	9.0
2054.0	2.0
2055.0	1.0
2056.0	4.0
2057.0	2.0
2058.0	2.0
2059.0	3.0
2060.0	6.0
2061.0	4.0
2062.0	4.0
2063.0	6.0
2064.0	4.0
2065.0	3.0
2066.0	1.0
2067.0	3.0
2068.0	2.0
2069.0	4.0
2070.0	1.0
2071.0	2.0
2072.0	2.0
2073.0	1.0
2074.0	4.0
2075.0	1.0
2076.0	3.0
2077.0	2.0
2078.0	1.0
2079.0	3.0
2080.0	3.0
2081.0	1.0
2083.0	2.0
2084.0	3.0
2085.0	3.0
2086.0	6.0
2087.0	3.0
2088.0	2.0
2089.0	2.0
2091.0	1.0
2092.0	2.0
2093.0	3.0
2094.0	1.0
2095.0	3.0
2097.0	3.0
2098.0	1.0
2099.0	2.0
2101.0	3.0
2102.0	2.0
2103.0	5.0
2104.0	1.0
2106.0	4.0
2107.0	2.0
2108.0	2.0
2109.0	1.0
2110.0	3.0
2111.0	2.0
2112.0	1.0
2113.0	3.0
2114.0	1.0
2115.0	4.0
2116.0	5.0
2117.0	7.0
2118.0	1.0
2119.0	2.0
2120.0	3.0
2121.0	1.0
2122.0	3.0
2123.0	3.0
2124.0	2.0
2125.0	2.0
2126.0	2.0
2127.0	2.0
2128.0	5.0
2129.0	7.0
2130.0	6.0
2131.0	4.0
2132.0	6.0
2133.0	2.0
2134.0	1.0
2135.0	3.0
2136.0	5.0
2137.0	4.0
2138.0	2.0
2139.0	4.0
2140.0	4.0
2141.0	3.0
2142.0	4.0
2143.0	3.0
2144.0	6.0
2145.0	3.0
2146.0	3.0
2147.0	5.0
2148.0	2.0
2149.0	3.0
2151.0	4.0
2153.0	3.0
2154.0	2.0
2155.0	1.0
2157.0	1.0
2158.0	2.0
2159.0	1.0
2161.0	1.0
2162.0	5.0
2163.0	4.0
2164.0	3.0
2165.0	1.0
2167.0	1.0
2168.0	1.0
2169.0	1.0
2170.0	1.0
2171.0	1.0
2172.0	2.0
2173.0	6.0
2174.0	2.0
2175.0	1.0
2177.0	1.0
2179.0	1.0
2181.0	3.0
2182.0	2.0
2183.0	2.0
2184.0	3.0
2185.0	1.0
2186.0	4.0
2187.0	3.0
2188.0	3.0
2189.0	3.0
2190.0	2.0
2192.0	2.0
2194.0	1.0
2195.0	3.0
2196.0	1.0
2197.0	2.0
2198.0	2.0
2199.0	1.0
2200.0	3.0
2202.0	3.0
2204.0	2.0
2205.0	3.0
2206.0	5.0
2207.0	1.0
2208.0	1.0
2209.0	2.0
2210.0	2.0
2211.0	1.0
2212.0	1.0
2213.0	3.0
2216.0	4.0
2217.0	1.0
2218.0	5.0
2219.0	3.0
2220.0	4.0
2221.0	1.0
2222.0	1.0
2223.0	2.0
2224.0	1.0
2225.0	2.0
2227.0	2.0
2228.0	6.0
2229.0	1.0
2230.0	2.0
2232.0	2.0
2233.0	1.0
2234.0	2.0
2238.0	1.0
2239.0	2.0
2240.0	1.0
2241.0	5.0
2242.0	2.0
2243.0	1.0
2244.0	2.0
2245.0	2.0
2247.0	3.0
2248.0	2.0
2251.0	1.0
2252.0	6.0
2253.0	3.0
2254.0	1.0
2257.0	1.0
2258.0	1.0
2259.0	1.0
2260.0	2.0
2261.0	1.0
2262.0	1.0
2263.0	1.0
2264.0	3.0
2265.0	3.0
2266.0	3.0
2269.0	1.0
2270.0	3.0
2271.0	4.0
2272.0	2.0
2276.0	1.0
2277.0	1.0
2278.0	2.0
2279.0	1.0
2280.0	4.0
2283.0	7.0
2284.0	3.0
2285.0	2.0
2286.0	1.0
2287.0	2.0
2289.0	1.0
2290.0	1.0
2291.0	2.0
2292.0	1.0
2293.0	1.0
2294.0	1.0
2295.0	3.0
2296.0	2.0
2297.0	2.0
2298.0	2.0
2299.0	1.0
2301.0	1.0
2302.0	2.0
2303.0	3.0
2304.0	1.0
2306.0	1.0
2307.0	1.0
2308.0	4.0
2309.0	1.0
2310.0	1.0
2311.0	1.0
2312.0	3.0
2313.0	4.0
2314.0	2.0
2315.0	2.0
2316.0	3.0
2317.0	2.0
2319.0	1.0
2320.0	3.0
2321.0	2.0
2322.0	1.0
2323.0	3.0
2324.0	3.0
2325.0	4.0
2326.0	1.0
2328.0	2.0
2329.0	3.0
2330.0	3.0
2331.0	1.0
2333.0	3.0
2334.0	1.0
2335.0	2.0
2336.0	4.0
2337.0	1.0
2338.0	2.0
2340.0	1.0
2341.0	1.0
2343.0	1.0
2344.0	1.0
2346.0	1.0
2347.0	1.0
2348.0	2.0
2352.0	2.0
2353.0	1.0
2354.0	1.0
2355.0	1.0
2356.0	2.0
2357.0	1.0
2359.0	1.0
2360.0	1.0
2361.0	1.0
2362.0	3.0
2364.0	1.0
2365.0	3.0
2366.0	2.0
2368.0	1.0
2369.0	2.0
2370.0	2.0
2373.0	1.0
2374.0	3.0
2375.0	1.0
2376.0	2.0
2377.0	1.0
2378.0	1.0
2379.0	2.0
2380.0	2.0
2382.0	1.0
2383.0	1.0
2384.0	1.0
2386.0	2.0
2388.0	2.0
2389.0	1.0
2390.0	3.0
2391.0	1.0
2393.0	4.0
2394.0	1.0
2395.0	2.0
2397.0	2.0
2399.0	1.0
2401.0	1.0
2402.0	1.0
2403.0	7.0
2404.0	2.0
2406.0	2.0
2407.0	1.0
2408.0	3.0
2409.0	1.0
2410.0	1.0
2411.0	1.0
2412.0	3.0
2413.0	1.0
2414.0	1.0
2416.0	2.0
2417.0	2.0
2418.0	3.0
2419.0	2.0
2422.0	3.0
2423.0	1.0
2424.0	2.0
2425.0	1.0
2426.0	2.0
2427.0	1.0
2428.0	2.0
2429.0	2.0
2430.0	3.0
2431.0	1.0
2432.0	2.0
2433.0	1.0
2435.0	1.0
2436.0	1.0
2437.0	1.0
2438.0	1.0
2440.0	4.0
2441.0	2.0
2442.0	1.0
2443.0	5.0
2444.0	2.0
2445.0	4.0
2446.0	1.0
2447.0	1.0
2448.0	1.0
2449.0	2.0
2451.0	4.0
2452.0	1.0
2453.0	4.0
2454.0	5.0
2455.0	2.0
2457.0	1.0
2459.0	1.0
2460.0	1.0
2461.0	2.0
2462.0	5.0
2463.0	1.0
2466.0	1.0
2467.0	3.0
2469.0	1.0
2471.0	1.0
2472.0	3.0
2474.0	1.0
2475.0	2.0
2476.0	1.0
2477.0	1.0
2479.0	3.0
2481.0	2.0
2482.0	3.0
2483.0	1.0
2484.0	3.0
2487.0	1.0
2488.0	3.0
2489.0	4.0
2490.0	1.0
2491.0	2.0
2492.0	3.0
2494.0	2.0
2495.0	1.0
2496.0	2.0
2497.0	2.0
2498.0	1.0
2499.0	2.0
2501.0	3.0
2502.0	1.0
2503.0	1.0
2504.0	1.0
2506.0	3.0
2507.0	2.0
2508.0	2.0
2509.0	2.0
2510.0	2.0
2511.0	1.0
2512.0	2.0
2513.0	1.0
2514.0	1.0
2515.0	3.0
2516.0	3.0
2518.0	2.0
2519.0	3.0
2520.0	1.0
2521.0	1.0
2522.0	2.0
2523.0	4.0
2527.0	2.0
2529.0	3.0
2530.0	1.0
2532.0	5.0
2533.0	5.0
2534.0	6.0
2535.0	3.0
2536.0	4.0
2537.0	6.0
2540.0	1.0
2542.0	2.0
2543.0	1.0
2544.0	2.0
2545.0	1.0
2549.0	1.0
2550.0	1.0
2551.0	2.0
2552.0	1.0
2555.0	2.0
2559.0	1.0
2560.0	2.0
2561.0	1.0
2564.0	1.0
2566.0	2.0
2567.0	1.0
2569.0	2.0
2570.0	2.0
2572.0	2.0
2573.0	2.0
2574.0	2.0
2575.0	1.0
2576.0	2.0
2579.0	1.0
2580.0	1.0
2581.0	1.0
2583.0	3.0
2584.0	3.0
2585.0	2.0
2586.0	1.0
2587.0	1.0
2588.0	2.0
2589.0	2.0
2591.0	3.0
2592.0	3.0
2594.0	2.0
2595.0	1.0
2596.0	2.0
2597.0	2.0
2598.0	1.0
2600.0	2.0
2602.0	1.0
2603.0	1.0
2604.0	1.0
2605.0	1.0
2607.0	1.0
2608.0	1.0
2611.0	1.0
2612.0	1.0
2613.0	1.0
2614.0	1.0
2615.0	1.0
2616.0	1.0
2617.0	2.0
2618.0	1.0
2619.0	1.0
2620.0	1.0
2621.0	1.0
2622.0	1.0
2623.0	1.0
2625.0	2.0
2626.0	2.0
2628.0	1.0
2632.0	2.0
2633.0	1.0
2634.0	1.0
2635.0	1.0
2636.0	1.0
2637.0	1.0
2638.0	1.0
2641.0	2.0
2644.0	3.0
2645.0	3.0
2646.0	1.0
2647.0	3.0
2648.0	1.0
2651.0	1.0
2653.0	2.0
2658.0	1.0
2661.0	3.0
2662.0	2.0
2665.0	1.0
2666.0	1.0
2667.0	2.0
2668.0	1.0
2669.0	3.0
2671.0	1.0
2672.0	4.0
2674.0	1.0
2676.0	1.0
2677.0	1.0
2678.0	1.0
2679.0	2.0
2680.0	2.0
2683.0	1.0
2685.0	1.0
2686.0	1.0
2687.0	3.0
2688.0	1.0
2689.0	1.0
2690.0	2.0
2691.0	2.0
2692.0	2.0
2694.0	1.0
2695.0	1.0
2696.0	2.0
2698.0	4.0
2699.0	1.0
2700.0	1.0
2701.0	1.0
2702.0	3.0
2703.0	2.0
2704.0	1.0
2705.0	1.0
2706.0	1.0
2710.0	1.0
2711.0	1.0
2712.0	1.0
2714.0	1.0
2715.0	1.0
2716.0	1.0
2717.0	1.0
2718.0	1.0
2720.0	1.0
2721.0	1.0
2724.0	2.0
2727.0	4.0
2729.0	1.0
2731.0	3.0
2733.0	3.0
2734.0	2.0
2735.0	3.0
2736.0	3.0
2737.0	1.0
2738.0	1.0
2739.0	2.0
2740.0	1.0
2741.0	5.0
2742.0	1.0
2743.0	2.0
2745.0	1.0
2746.0	4.0
2747.0	3.0
2749.0	1.0
2750.0	1.0
2751.0	1.0
2752.0	3.0
2757.0	1.0
2759.0	1.0
2760.0	2.0
2762.0	1.0
2763.0	1.0
2764.0	1.0
2767.0	1.0
2768.0	3.0
2769.0	1.0
2771.0	1.0
2772.0	1.0
2773.0	4.0
2774.0	1.0
2775.0	1.0
2778.0	1.0
2779.0	1.0
2780.0	1.0
2784.0	4.0
2787.0	2.0
2789.0	1.0
2792.0	1.0
2794.0	1.0
2796.0	2.0
2797.0	2.0
2800.0	1.0
2802.0	1.0
2803.0	3.0
2805.0	2.0
2807.0	1.0
2809.0	1.0
2810.0	1.0
2811.0	3.0
2812.0	1.0
2813.0	1.0
2814.0	1.0
2815.0	1.0
2816.0	2.0
2817.0	2.0
2818.0	1.0
2821.0	2.0
2824.0	1.0
2825.0	1.0
2829.0	1.0
2830.0	1.0
2831.0	1.0
2833.0	1.0
2834.0	1.0
2835.0	1.0
2836.0	2.0
2838.0	2.0
2840.0	1.0
2842.0	3.0
2843.0	2.0
2847.0	3.0
2848.0	1.0
2850.0	1.0
2851.0	1.0
2852.0	3.0
2853.0	4.0
2854.0	2.0
2855.0	2.0
2858.0	2.0
2859.0	2.0
2860.0	1.0
2861.0	4.0
2862.0	4.0
2863.0	1.0
2864.0	4.0
2865.0	1.0
2866.0	1.0
2867.0	4.0
2868.0	2.0
2869.0	2.0
2870.0	4.0
2872.0	1.0
2873.0	2.0
2874.0	1.0
2876.0	3.0
2878.0	3.0
2879.0	1.0
2880.0	1.0
2882.0	3.0
2883.0	3.0
2884.0	1.0
2885.0	1.0
2886.0	3.0
2888.0	2.0
2889.0	2.0
2892.0	1.0
2893.0	2.0
2895.0	1.0
2896.0	1.0
2897.0	2.0
2898.0	6.0
2899.0	1.0
2900.0	1.0
2901.0	1.0
2902.0	2.0
2904.0	1.0
2905.0	1.0
2906.0	5.0
2907.0	1.0
2908.0	1.0
2909.0	1.0
2910.0	2.0
2912.0	1.0
2913.0	1.0
2914.0	1.0
2915.0	1.0
2916.0	2.0
2917.0	2.0
2918.0	3.0
2921.0	1.0
2922.0	1.0
2923.0	4.0
2925.0	1.0
2926.0	1.0
2927.0	3.0
2928.0	2.0
2929.0	3.0
2930.0	2.0
2931.0	1.0
2933.0	2.0
2934.0	1.0
2936.0	3.0
2940.0	1.0
2942.0	3.0
2943.0	2.0
2944.0	4.0
2945.0	1.0
2946.0	2.0
2947.0	1.0
2948.0	6.0
2949.0	1.0
2951.0	1.0
2952.0	2.0
2953.0	1.0
2954.0	3.0
2955.0	2.0
2956.0	1.0
2957.0	1.0
2959.0	3.0
2960.0	1.0
2961.0	2.0
2962.0	1.0
2963.0	1.0
2964.0	2.0
2965.0	5.0
2966.0	4.0
2967.0	3.0
2968.0	5.0
2969.0	1.0
2970.0	1.0
2971.0	6.0
2973.0	1.0
2974.0	1.0
2975.0	1.0
2979.0	1.0
2980.0	2.0
2981.0	1.0
2982.0	1.0
2984.0	1.0
2990.0	1.0
2991.0	2.0
2993.0	1.0
2998.0	1.0
3001.0	1.0
3002.0	1.0
3004.0	1.0
3006.0	3.0
3008.0	1.0
3010.0	1.0
3011.0	2.0
3012.0	1.0
3013.0	1.0
3014.0	1.0
3015.0	1.0
3019.0	2.0
3021.0	1.0
3022.0	2.0
3027.0	1.0
3028.0	2.0
3030.0	1.0
3032.0	2.0
3033.0	2.0
3034.0	1.0
3036.0	1.0
3037.0	2.0
3040.0	1.0
3041.0	1.0
3043.0	3.0
3045.0	1.0
3046.0	2.0
3050.0	1.0
3057.0	1.0
3061.0	1.0
3062.0	4.0
3066.0	1.0
3067.0	1.0
3068.0	2.0
3072.0	1.0
3080.0	1.0
3081.0	1.0
3083.0	1.0
3084.0	2.0
3086.0	2.0
3091.0	1.0
3094.0	2.0
3098.0	1.0
3100.0	1.0
3101.0	2.0
3104.0	1.0
3105.0	1.0
3106.0	2.0
3111.0	1.0
3112.0	1.0
3113.0	1.0
3114.0	1.0
3118.0	1.0
3120.0	3.0
3124.0	1.0
3126.0	1.0
3129.0	2.0
3131.0	1.0
3132.0	1.0
3134.0	2.0
3136.0	1.0
3139.0	3.0
3140.0	1.0
3142.0	1.0
3146.0	1.0
3147.0	1.0
3148.0	1.0
3153.0	1.0
3155.0	1.0
3157.0	1.0
3159.0	1.0
3160.0	1.0
3161.0	1.0
3162.0	2.0
3163.0	1.0
3164.0	1.0
3168.0	1.0
3170.0	1.0
3172.0	1.0
3176.0	1.0
3185.0	1.0
3186.0	1.0
3187.0	1.0
3188.0	2.0
3189.0	2.0
3191.0	1.0
3192.0	1.0
3193.0	3.0
3194.0	1.0
3199.0	1.0
3200.0	1.0
3202.0	1.0
3203.0	1.0
3204.0	1.0
3214.0	2.0
3215.0	1.0
3216.0	1.0
3217.0	1.0
3222.0	2.0
3224.0	3.0
3225.0	1.0
3226.0	2.0
3228.0	1.0
3229.0	2.0
3230.0	1.0
3233.0	1.0
3234.0	1.0
3238.0	1.0
3239.0	2.0
3240.0	1.0
3241.0	1.0
3243.0	1.0
3244.0	1.0
3247.0	1.0
3249.0	1.0
3250.0	2.0
3252.0	2.0
3253.0	1.0
3255.0	2.0
3256.0	2.0
3257.0	1.0
3258.0	2.0
3259.0	1.0
3260.0	1.0
3261.0	1.0
3262.0	2.0
3263.0	4.0
3264.0	1.0
3265.0	1.0
3266.0	3.0
3267.0	2.0
3271.0	1.0
3272.0	1.0
3274.0	1.0
3276.0	1.0
3277.0	1.0
3278.0	2.0
3279.0	4.0
3282.0	1.0
3283.0	2.0
3288.0	1.0
3289.0	2.0
3291.0	2.0
3292.0	1.0
3294.0	2.0
3295.0	1.0
3298.0	1.0
3299.0	3.0
3300.0	3.0
3301.0	1.0
3302.0	2.0
3304.0	1.0
3305.0	1.0
3307.0	1.0
3308.0	1.0
3310.0	3.0
3312.0	3.0
3313.0	1.0
3314.0	1.0
3315.0	1.0
3316.0	1.0
3318.0	1.0
3319.0	1.0
3320.0	1.0
3323.0	1.0
3324.0	1.0
3325.0	1.0
3326.0	2.0
3327.0	1.0
3328.0	1.0
3330.0	2.0
3331.0	3.0
3332.0	1.0
3333.0	3.0
3335.0	1.0
3336.0	3.0
3337.0	1.0
3338.0	1.0
3341.0	1.0
3344.0	6.0
3345.0	5.0
3346.0	2.0
3347.0	4.0
3348.0	2.0
3349.0	2.0
3350.0	2.0
3351.0	2.0
3352.0	1.0
3353.0	3.0
3354.0	2.0
3355.0	2.0
3356.0	1.0
3357.0	1.0
3358.0	2.0
3359.0	1.0
3360.0	1.0
3362.0	1.0
3364.0	1.0
3368.0	2.0
3371.0	1.0
3372.0	1.0
3373.0	1.0
3376.0	1.0
3378.0	1.0
3380.0	1.0
3383.0	4.0
3385.0	1.0
3388.0	1.0
3390.0	2.0
3392.0	1.0
3393.0	2.0
3394.0	1.0
3395.0	1.0
3396.0	2.0
3397.0	2.0
3398.0	1.0
3399.0	2.0
3401.0	2.0
3402.0	1.0
3403.0	1.0
3404.0	1.0
3405.0	1.0
3406.0	2.0
3407.0	1.0
3408.0	2.0
3410.0	1.0
3412.0	1.0
3416.0	3.0
3417.0	1.0
3418.0	1.0
3420.0	1.0
3421.0	1.0
3422.0	1.0
3425.0	2.0
3427.0	1.0
3428.0	1.0
3430.0	1.0
3431.0	1.0
3432.0	1.0
3433.0	1.0
3434.0	1.0
3436.0	2.0
3437.0	1.0
3438.0	1.0
3439.0	1.0
3442.0	2.0
3444.0	2.0
3445.0	1.0
3446.0	2.0
3448.0	1.0
3449.0	2.0
3450.0	2.0
3451.0	1.0
3452.0	2.0
3453.0	1.0
3461.0	1.0
3464.0	2.0
3467.0	4.0
3468.0	3.0
3470.0	1.0
3471.0	2.0
3472.0	2.0
3473.0	3.0
3474.0	3.0
3476.0	1.0
3480.0	1.0
3482.0	1.0
3486.0	2.0
3487.0	1.0
3488.0	1.0
3490.0	1.0
3491.0	1.0
3492.0	1.0
3494.0	1.0
3496.0	2.0
3497.0	2.0
3498.0	1.0
3499.0	2.0
3500.0	2.0
3501.0	1.0
3506.0	1.0
3508.0	2.0
3509.0	1.0
3511.0	1.0
3513.0	1.0
3514.0	1.0
3516.0	1.0
3517.0	2.0
3518.0	2.0
3520.0	1.0
3528.0	1.0
3531.0	1.0
3532.0	1.0
3533.0	2.0
3538.0	1.0
3539.0	1.0
3542.0	1.0
3544.0	1.0
3546.0	1.0
3547.0	2.0
3548.0	5.0
3549.0	1.0
3550.0	1.0
3551.0	3.0
3553.0	3.0
3555.0	1.0
3557.0	1.0
3558.0	1.0
3559.0	3.0
3560.0	1.0
3561.0	3.0
3562.0	1.0
3565.0	1.0
3567.0	1.0
3570.0	1.0
3572.0	1.0
3574.0	1.0
3580.0	2.0
3583.0	1.0
3584.0	1.0
3585.0	1.0
3587.0	2.0
3589.0	1.0
3590.0	1.0
3592.0	1.0
3593.0	2.0
3594.0	1.0
3596.0	2.0
3598.0	1.0
3601.0	1.0
3602.0	1.0
3603.0	3.0
3605.0	2.0
3608.0	3.0
3609.0	1.0
3610.0	1.0
3611.0	2.0
3613.0	1.0
3614.0	1.0
3619.0	2.0
3621.0	3.0
3622.0	1.0
3623.0	1.0
3628.0	1.0
3629.0	1.0
3630.0	1.0
3631.0	2.0
3633.0	2.0
3634.0	1.0
3635.0	3.0
3637.0	2.0
3638.0	1.0
3639.0	1.0
3640.0	3.0
3641.0	1.0
3644.0	1.0
3646.0	3.0
3647.0	2.0
3648.0	2.0
3649.0	2.0
3650.0	2.0
3651.0	1.0
3655.0	1.0
3656.0	1.0
3659.0	1.0
3661.0	2.0
3667.0	1.0
3672.0	1.0
3673.0	2.0
3677.0	3.0
3678.0	1.0
3682.0	1.0
3683.0	1.0
3688.0	2.0
3694.0	1.0
3699.0	1.0
3701.0	1.0
3702.0	2.0
3704.0	2.0
3709.0	1.0
3710.0	1.0
3711.0	2.0
3714.0	1.0
3717.0	1.0
3719.0	1.0
3720.0	1.0
3724.0	1.0
3725.0	2.0
3727.0	1.0
3728.0	1.0
3731.0	1.0
3737.0	1.0
3738.0	1.0
3739.0	1.0
3749.0	1.0
3750.0	1.0
3751.0	1.0
3752.0	1.0
3753.0	1.0
3756.0	1.0
3760.0	1.0
3761.0	1.0
3762.0	2.0
3768.0	1.0
3770.0	1.0
3772.0	1.0
3776.0	2.0
3787.0	1.0
3788.0	1.0
3791.0	2.0
3794.0	1.0
3797.0	1.0
3800.0	1.0
3801.0	1.0
3805.0	1.0
3810.0	1.0
3811.0	1.0
3815.0	1.0
3818.0	1.0
3823.0	1.0
3824.0	1.0
3829.0	1.0
3830.0	1.0
3831.0	1.0
3833.0	1.0
3838.0	1.0
3842.0	2.0
3846.0	1.0
3853.0	1.0
3857.0	1.0
3859.0	1.0
3861.0	1.0
3864.0	2.0
3865.0	1.0
3867.0	1.0
3869.0	1.0
3875.0	2.0
3879.0	1.0
3881.0	1.0
3882.0	1.0
3883.0	1.0
3884.0	1.0
3891.0	1.0
3892.0	1.0
3893.0	2.0
3899.0	1.0
3902.0	2.0
3905.0	1.0
3906.0	1.0
3913.0	1.0
3914.0	1.0
3919.0	1.0
3920.0	1.0
3923.0	1.0
3924.0	1.0
3928.0	1.0
3929.0	2.0
3933.0	1.0
3934.0	2.0
3935.0	1.0
3936.0	1.0
3938.0	2.0
3943.0	1.0
3949.0	1.0
3956.0	1.0
3960.0	1.0
3961.0	1.0
3964.0	1.0
3966.0	1.0
3967.0	1.0
3973.0	1.0
3977.0	2.0
3980.0	1.0
3982.0	1.0
3983.0	1.0
3984.0	1.0
3985.0	1.0
3986.0	1.0
3987.0	1.0
3988.0	1.0
3994.0	1.0
3996.0	1.0
3997.0	1.0
3998.0	1.0
4000.0	1.0
4001.0	1.0
4003.0	1.0
4005.0	1.0
4008.0	1.0
4009.0	1.0
4010.0	2.0
4014.0	1.0
4016.0	2.0
4022.0	1.0
4023.0	1.0
4024.0	1.0
4026.0	1.0
4029.0	1.0
4030.0	2.0
4031.0	1.0
4032.0	1.0
4034.0	1.0
4035.0	1.0
4038.0	1.0
4040.0	1.0
4041.0	1.0
4042.0	2.0
4044.0	2.0
4046.0	1.0
4047.0	1.0
4048.0	1.0
4049.0	1.0
4051.0	2.0
4053.0	1.0
4056.0	2.0
4057.0	1.0
4061.0	1.0
4067.0	1.0
4068.0	1.0
4069.0	2.0
4070.0	2.0
4072.0	1.0
4075.0	1.0
4076.0	1.0
4077.0	1.0
4079.0	1.0
4081.0	1.0
4082.0	3.0
4083.0	1.0
4087.0	1.0
4088.0	1.0
4090.0	1.0
4093.0	1.0
4096.0	1.0
4097.0	1.0
4098.0	1.0
4099.0	1.0
4100.0	2.0
4102.0	1.0
4106.0	1.0
4107.0	1.0
4109.0	1.0
4113.0	1.0
4114.0	1.0
4116.0	1.0
4117.0	1.0
4118.0	1.0
4125.0	3.0
4127.0	1.0
4131.0	1.0
4132.0	2.0
4136.0	1.0
4138.0	1.0
4141.0	1.0
4143.0	1.0
4145.0	1.0
4151.0	1.0
4158.0	1.0
4159.0	1.0
4160.0	1.0
4165.0	1.0
4167.0	1.0
4169.0	1.0
4171.0	1.0
4172.0	3.0
4175.0	1.0
4177.0	2.0
4179.0	1.0
4181.0	2.0
4187.0	1.0
4188.0	2.0
4189.0	1.0
4190.0	1.0
4194.0	2.0
4197.0	1.0
4199.0	1.0
4204.0	3.0
4205.0	1.0
4206.0	1.0
4207.0	2.0
4208.0	3.0
4209.0	1.0
4211.0	2.0
4214.0	2.0
4216.0	1.0
4217.0	1.0
4219.0	1.0
4222.0	1.0
4223.0	1.0
4227.0	3.0
4229.0	1.0
4231.0	1.0
4234.0	1.0
4236.0	1.0
4241.0	1.0
4247.0	2.0
4248.0	1.0
4257.0	2.0
4262.0	1.0
4265.0	2.0
4275.0	1.0
4280.0	1.0
4290.0	1.0
4294.0	1.0
4296.0	1.0
4299.0	1.0
4304.0	1.0
4309.0	1.0
4311.0	1.0
4313.0	1.0
4316.0	1.0
4319.0	1.0
4320.0	1.0
4330.0	1.0
4336.0	1.0
4337.0	1.0
4339.0	1.0
4342.0	1.0
4344.0	1.0
4348.0	1.0
4350.0	1.0
4360.0	1.0
4361.0	1.0
4370.0	1.0
4372.0	1.0
4376.0	1.0
4381.0	1.0
4383.0	1.0
4388.0	1.0
4389.0	1.0
4393.0	1.0
4395.0	2.0
4401.0	1.0
4410.0	1.0
4411.0	1.0
4414.0	1.0
4418.0	1.0
4420.0	1.0
4425.0	1.0
4429.0	1.0
4430.0	1.0
4431.0	1.0
4434.0	1.0
4440.0	1.0
4451.0	1.0
4452.0	1.0
4459.0	1.0
4460.0	1.0
4467.0	1.0
4474.0	1.0
4483.0	1.0
4485.0	1.0
4492.0	1.0
4493.0	1.0
4498.0	1.0
4501.0	1.0
4513.0	1.0
4521.0	1.0
4524.0	2.0
4525.0	1.0
4533.0	1.0
4534.0	1.0
4535.0	1.0
4538.0	1.0
4542.0	1.0
4544.0	1.0
4545.0	2.0
4547.0	1.0
4565.0	2.0
4571.0	1.0
4572.0	1.0
4580.0	4.0
4582.0	2.0
4584.0	1.0
4585.0	2.0
4586.0	1.0
4590.0	1.0
4591.0	1.0
4595.0	1.0
4599.0	1.0
4604.0	1.0
4606.0	1.0
4608.0	2.0
4609.0	1.0
4611.0	1.0
4612.0	1.0
4614.0	1.0
4615.0	1.0
4617.0	1.0
4618.0	1.0
4626.0	3.0
4628.0	1.0
4631.0	1.0
4633.0	1.0
4638.0	2.0
4641.0	1.0
4645.0	4.0
4646.0	3.0
4649.0	2.0
4650.0	2.0
4653.0	1.0
4654.0	1.0
4655.0	1.0
4658.0	1.0
4659.0	1.0
4661.0	1.0
4665.0	1.0
4666.0	2.0
4668.0	1.0
4673.0	1.0
4674.0	1.0
4675.0	1.0
4679.0	1.0
4683.0	1.0
4684.0	1.0
4690.0	1.0
4692.0	1.0
4697.0	1.0
4698.0	1.0
4702.0	1.0
4710.0	2.0
4723.0	1.0
4727.0	1.0
4729.0	1.0
4733.0	4.0
4734.0	1.0
4735.0	1.0
4736.0	3.0
4738.0	1.0
4739.0	2.0
4740.0	4.0
4744.0	1.0
4746.0	1.0
4747.0	1.0
4750.0	1.0
4755.0	1.0
4758.0	2.0
4772.0	1.0
4773.0	1.0
4774.0	1.0
4781.0	1.0
4784.0	1.0
4793.0	1.0
4796.0	1.0
4802.0	1.0
4805.0	1.0
4810.0	1.0
4812.0	1.0
4821.0	1.0
4834.0	1.0
4838.0	1.0
4841.0	1.0
4848.0	1.0
4860.0	1.0
4865.0	1.0
4872.0	1.0
4875.0	1.0
4880.0	1.0
4881.0	1.0
4882.0	2.0
4884.0	1.0
4885.0	1.0
4890.0	1.0
4894.0	1.0
4895.0	2.0
4912.0	2.0
4916.0	1.0
4924.0	2.0
4934.0	2.0
4936.0	2.0
4937.0	1.0
4939.0	1.0
4955.0	1.0
4956.0	1.0
4958.0	1.0
4970.0	1.0
4971.0	1.0
4979.0	2.0
4980.0	1.0
4985.0	1.0
4987.0	1.0
4999.0	1.0
5005.0	1.0
5009.0	1.0
5012.0	1.0
5015.0	1.0
5020.0	1.0
5023.0	1.0
5037.0	1.0
5041.0	1.0
5059.0	1.0
5061.0	1.0
5067.0	1.0
5078.0	1.0
5080.0	1.0
5081.0	1.0
5085.0	1.0
5086.0	1.0
5096.0	1.0
5113.0	1.0
5118.0	1.0
5123.0	2.0
5124.0	1.0
5126.0	1.0
5130.0	1.0
5137.0	1.0
5152.0	1.0
5156.0	1.0
5158.0	1.0
5159.0	1.0
5163.0	1.0
5165.0	1.0
5167.0	1.0
5174.0	1.0
5179.0	1.0
5195.0	1.0
5196.0	1.0
5198.0	1.0
5201.0	1.0
5204.0	1.0
5211.0	2.0
5212.0	1.0
5220.0	1.0
5225.0	1.0
5226.0	1.0
5228.0	1.0
5229.0	1.0
5242.0	1.0
5247.0	1.0
5250.0	1.0
5252.0	1.0
5254.0	2.0
5255.0	1.0
5256.0	1.0
5257.0	1.0
5258.0	1.0
5270.0	1.0
5272.0	1.0
5276.0	1.0
5282.0	2.0
5286.0	1.0
5290.0	1.0
5297.0	1.0
5299.0	1.0
5309.0	1.0
5313.0	1.0
5320.0	1.0
5321.0	2.0
5322.0	2.0
5330.0	1.0
5333.0	1.0
5335.0	1.0
5341.0	1.0
5342.0	1.0
5348.0	1.0
5349.0	1.0
5358.0	1.0
5360.0	2.0
5362.0	1.0
5366.0	1.0
5372.0	2.0
5374.0	1.0
5380.0	1.0
5385.0	3.0
5388.0	1.0
5395.0	1.0
5396.0	1.0
5406.0	1.0
5412.0	1.0
5419.0	1.0
5420.0	1.0
5424.0	1.0
5427.0	2.0
5429.0	1.0
5433.0	2.0
5436.0	1.0
5442.0	1.0
5448.0	1.0
5451.0	2.0
5459.0	1.0
5460.0	1.0
5462.0	1.0
5463.0	1.0
5466.0	1.0
5471.0	1.0
5472.0	1.0
5483.0	1.0
5489.0	1.0
5492.0	1.0
5493.0	1.0
5494.0	1.0
5499.0	1.0
5501.0	1.0
5503.0	1.0
5506.0	1.0
5508.0	1.0
5512.0	1.0
5518.0	1.0
5520.0	1.0
5523.0	1.0
5526.0	2.0
5528.0	1.0
5534.0	1.0
5535.0	1.0
5540.0	2.0
5541.0	1.0
5543.0	1.0
5547.0	1.0
5554.0	2.0
5555.0	1.0
5564.0	1.0
5569.0	1.0
5570.0	1.0
5577.0	1.0
5587.0	1.0
5588.0	1.0
5604.0	1.0
5612.0	1.0
5621.0	1.0
5626.0	1.0
5633.0	1.0
5634.0	1.0
5635.0	1.0
5647.0	1.0
5655.0	1.0
5665.0	1.0
5667.0	2.0
5673.0	1.0
5678.0	1.0
5681.0	1.0
5690.0	1.0
5696.0	1.0
5704.0	1.0
5707.0	1.0
5710.0	1.0
5718.0	1.0
5722.0	1.0
5731.0	1.0
5732.0	1.0
5743.0	1.0
5749.0	1.0
5757.0	1.0
5767.0	1.0
5774.0	1.0
5783.0	1.0
5795.0	1.0
5798.0	1.0
5801.0	1.0
5802.0	1.0
5806.0	1.0
5811.0	1.0
5821.0	1.0
5829.0	1.0
5838.0	1.0
5840.0	1.0
5843.0	1.0
5856.0	2.0
5872.0	1.0
5875.0	2.0
5885.0	1.0
5887.0	1.0
5889.0	1.0
5893.0	1.0
5899.0	1.0
5906.0	1.0
5920.0	1.0
5932.0	2.0
5936.0	1.0
5940.0	1.0
5944.0	1.0
5947.0	1.0
5951.0	1.0
5956.0	1.0
5960.0	1.0
5972.0	1.0
5974.0	1.0
5975.0	1.0
5982.0	1.0
5983.0	1.0
5996.0	2.0
5998.0	1.0
6018.0	1.0
6019.0	1.0
6025.0	1.0
6028.0	1.0
6030.0	2.0
6032.0	1.0
6034.0	1.0
6053.0	1.0
6056.0	1.0
6059.0	1.0
6064.0	1.0
6074.0	1.0
6077.0	1.0
6080.0	1.0
6085.0	1.0
6088.0	1.0
6093.0	1.0
6103.0	1.0
6104.0	1.0
6114.0	2.0
6115.0	1.0
6118.0	1.0
6122.0	1.0
6127.0	2.0
6134.0	2.0
6143.0	1.0
6150.0	1.0
6158.0	1.0
6161.0	1.0
6164.0	1.0
6165.0	1.0
6166.0	1.0
6167.0	2.0
6180.0	2.0
6193.0	1.0
6195.0	1.0
6199.0	1.0
6202.0	1.0
6208.0	1.0
6209.0	1.0
6214.0	1.0
6222.0	2.0
6228.0	1.0
6229.0	1.0
6231.0	2.0
6234.0	1.0
6236.0	1.0
6242.0	1.0
6243.0	2.0
6245.0	1.0
6252.0	1.0
6262.0	1.0
6265.0	1.0
6266.0	1.0
6271.0	1.0
6275.0	1.0
6276.0	1.0
6278.0	1.0
6279.0	1.0
6285.0	1.0
6287.0	1.0
6289.0	1.0
6291.0	1.0
6294.0	1.0
6299.0	1.0
6301.0	2.0
6303.0	1.0
6304.0	1.0
6305.0	1.0
6307.0	1.0
6308.0	2.0
6309.0	3.0
6310.0	1.0
6311.0	3.0
6312.0	1.0
6313.0	1.0
6317.0	1.0
6325.0	2.0
6336.0	1.0
6348.0	1.0
6357.0	1.0
6363.0	1.0
6375.0	1.0
6384.0	1.0
6385.0	1.0
6391.0	1.0
6400.0	1.0
6405.0	1.0
6414.0	1.0
6422.0	1.0
6430.0	1.0
6432.0	1.0
6433.0	1.0
6440.0	1.0
6441.0	1.0
6444.0	2.0
6450.0	1.0
6464.0	1.0
6471.0	1.0
6475.0	2.0
6477.0	1.0
6486.0	1.0
6493.0	1.0
6494.0	1.0
6506.0	1.0
6515.0	1.0
6520.0	1.0
6522.0	1.0
6531.0	1.0
6532.0	1.0
6547.0	1.0
6549.0	1.0
6553.0	1.0
6554.0	1.0
6555.0	1.0
6567.0	1.0
6579.0	1.0
6586.0	1.0
6587.0	1.0
6591.0	1.0
6592.0	2.0
6597.0	1.0
6600.0	1.0
6609.0	1.0
6616.0	1.0
6619.0	1.0
6631.0	1.0
6632.0	2.0
6639.0	1.0
6648.0	1.0
6652.0	1.0
6653.0	1.0
6658.0	1.0
6662.0	1.0
6663.0	1.0
6673.0	1.0
6679.0	1.0
6682.0	1.0
6684.0	1.0
6690.0	1.0
6693.0	1.0
6699.0	1.0
6703.0	1.0
6708.0	1.0
6714.0	1.0
6721.0	1.0
6735.0	1.0
6740.0	1.0
6743.0	1.0
6744.0	1.0
6757.0	1.0
6760.0	1.0
6770.0	1.0
6773.0	1.0
6783.0	1.0
6789.0	1.0
6792.0	1.0
6793.0	1.0
6803.0	1.0
6807.0	1.0
6808.0	1.0
6813.0	2.0
6816.0	1.0
6830.0	1.0
6836.0	1.0
6846.0	1.0
6847.0	1.0
6855.0	1.0
6859.0	1.0
6868.0	1.0
6872.0	1.0
6876.0	1.0
6891.0	1.0
6897.0	1.0
6898.0	1.0
6899.0	1.0
6904.0	1.0
6913.0	1.0
6937.0	1.0
6947.0	1.0
6949.0	1.0
6950.0	1.0
6953.0	1.0
6958.0	2.0
6969.0	1.0
6980.0	1.0
6983.0	1.0
6984.0	1.0
6986.0	2.0
6996.0	1.0
7001.0	1.0
7012.0	3.0
7015.0	1.0
7021.0	1.0
7029.0	2.0
7035.0	2.0
7066.0	1.0
7071.0	1.0
7072.0	1.0
7078.0	1.0
7080.0	1.0
7084.0	1.0
7096.0	1.0
7106.0	1.0
7112.0	1.0
7113.0	1.0
7125.0	1.0
7129.0	2.0
7136.0	1.0
7140.0	1.0
7162.0	2.0
7165.0	1.0
7166.0	1.0
7168.0	1.0
7175.0	1.0
7176.0	1.0
7180.0	1.0
7186.0	1.0
7198.0	1.0
7199.0	1.0
7206.0	1.0
7211.0	1.0
7213.0	1.0
7218.0	1.0
7219.0	1.0
7242.0	1.0
7247.0	1.0
7248.0	1.0
7250.0	1.0
7261.0	1.0
7269.0	1.0
7277.0	1.0
7283.0	1.0
7287.0	1.0
7288.0	1.0
7300.0	1.0
7302.0	1.0
7305.0	1.0
7311.0	1.0
7312.0	1.0
7314.0	1.0
7319.0	1.0
7320.0	1.0
7326.0	1.0
7334.0	1.0
7339.0	1.0
7343.0	1.0
7354.0	1.0
7361.0	1.0
7371.0	2.0
7377.0	1.0
7383.0	1.0
7392.0	1.0
7418.0	1.0
7421.0	1.0
7425.0	1.0
7426.0	1.0
7433.0	1.0
7437.0	1.0
7439.0	1.0
7449.0	1.0
7453.0	1.0
7456.0	1.0
7459.0	1.0
7460.0	1.0
7465.0	1.0
7469.0	1.0
7473.0	1.0
7486.0	2.0
7489.0	1.0
7491.0	1.0
7497.0	2.0
7508.0	1.0
7519.0	1.0
7528.0	1.0
7534.0	1.0
7535.0	1.0
7544.0	1.0
7545.0	1.0
7546.0	1.0
7562.0	1.0
7567.0	1.0
7575.0	1.0
7576.0	1.0
7581.0	1.0
7588.0	1.0
7591.0	2.0
7592.0	2.0
7594.0	1.0
7596.0	1.0
7597.0	3.0
7600.0	1.0
7612.0	1.0
7617.0	1.0
7621.0	1.0
7629.0	1.0
7635.0	1.0
7642.0	1.0
7649.0	1.0
7656.0	1.0
7657.0	1.0
7660.0	1.0
7666.0	1.0
7668.0	1.0
7669.0	2.0
7673.0	1.0
7680.0	1.0
7691.0	1.0
7695.0	1.0
7700.0	1.0
7703.0	1.0
7710.0	2.0
7717.0	1.0
7718.0	1.0
7723.0	1.0
7727.0	1.0
7729.0	1.0
7730.0	1.0
7749.0	1.0
7751.0	1.0
7755.0	1.0
7761.0	1.0
7773.0	1.0
7775.0	1.0
7777.0	1.0
7779.0	2.0
7791.0	1.0
7804.0	1.0
7815.0	1.0
7816.0	2.0
7817.0	1.0
7824.0	1.0
7825.0	1.0
7826.0	1.0
7828.0	2.0
7834.0	1.0
7835.0	1.0
7836.0	2.0
7843.0	1.0
7846.0	1.0
7853.0	1.0
7855.0	1.0
7857.0	1.0
7864.0	1.0
7865.0	1.0
7866.0	2.0
7870.0	1.0
7871.0	1.0
7876.0	1.0
7877.0	1.0
7884.0	1.0
7916.0	1.0
7920.0	1.0
7923.0	2.0
7940.0	1.0
7941.0	1.0
7945.0	1.0
7951.0	1.0
7953.0	1.0
7956.0	1.0
7962.0	1.0
7964.0	1.0
7966.0	1.0
7969.0	1.0
7972.0	1.0
7976.0	1.0
7977.0	1.0
7980.0	1.0
7981.0	2.0
7982.0	2.0
7983.0	2.0
7984.0	1.0
7985.0	1.0
7986.0	1.0
7991.0	1.0
7992.0	1.0
7997.0	1.0
8007.0	1.0
8011.0	1.0
8012.0	1.0
8023.0	1.0
8028.0	1.0
8051.0	1.0
8052.0	1.0
8062.0	1.0
8064.0	1.0
8066.0	1.0
8076.0	1.0
8098.0	1.0
8099.0	1.0
8101.0	2.0
8118.0	1.0
8121.0	1.0
8123.0	1.0
8140.0	1.0
8142.0	1.0
8159.0	1.0
8160.0	1.0
8161.0	1.0
8163.0	1.0
8164.0	1.0
8170.0	1.0
8180.0	1.0
8185.0	1.0
8192.0	1.0
8199.0	1.0
8200.0	1.0
8211.0	2.0
8213.0	1.0
8221.0	1.0
8223.0	1.0
8230.0	1.0
8238.0	1.0
8241.0	1.0
8256.0	1.0
8259.0	1.0
8263.0	1.0
8275.0	1.0
8277.0	1.0
8281.0	1.0
8288.0	1.0
8300.0	1.0
8301.0	1.0
8304.0	1.0
8323.0	1.0
8326.0	1.0
8329.0	1.0
8335.0	2.0
8343.0	1.0
8344.0	1.0
8346.0	1.0
8349.0	1.0
8351.0	1.0
8359.0	1.0
8361.0	1.0
8367.0	1.0
8391.0	1.0
8404.0	1.0
8410.0	1.0
8420.0	1.0
8423.0	1.0
8436.0	1.0
8437.0	1.0
8438.0	1.0
8440.0	1.0
8452.0	1.0
8461.0	1.0
8463.0	1.0
8470.0	1.0
8477.0	1.0
8480.0	1.0
8481.0	1.0
8483.0	1.0
8485.0	1.0
8487.0	1.0
8489.0	1.0
8493.0	1.0
8503.0	1.0
8505.0	1.0
8511.0	1.0
8521.0	1.0
8522.0	1.0
8535.0	2.0
8540.0	2.0
8548.0	1.0
8550.0	1.0
8552.0	1.0
8561.0	1.0
8563.0	1.0
8564.0	1.0
8565.0	1.0
8574.0	1.0
8578.0	1.0
8585.0	1.0
8588.0	1.0
8589.0	1.0
8591.0	1.0
8592.0	3.0
8594.0	1.0
8601.0	1.0
8602.0	1.0
8606.0	1.0
8607.0	1.0
8609.0	1.0
8618.0	1.0
8620.0	1.0
8621.0	2.0
8622.0	1.0
8625.0	2.0
8630.0	1.0
8632.0	1.0
8633.0	1.0
8634.0	1.0
8635.0	1.0
8637.0	1.0
8647.0	1.0
8655.0	2.0
8660.0	1.0
8668.0	1.0
8675.0	1.0
8680.0	1.0
8683.0	1.0
8690.0	1.0
8692.0	1.0
8701.0	1.0
8704.0	1.0
8709.0	1.0
8711.0	1.0
8712.0	1.0
8713.0	1.0
8714.0	1.0
8715.0	1.0
8717.0	2.0
8721.0	1.0
8723.0	1.0
8726.0	1.0
8734.0	1.0
8740.0	1.0
8741.0	1.0
8746.0	1.0
8753.0	1.0
8763.0	1.0
8782.0	1.0
8790.0	1.0
8800.0	1.0
8825.0	2.0
8843.0	1.0
8845.0	1.0
8945.0	1.0
9401.0	1.0
9505.0	1.0
9582.0	1.0
10126.0	1.0
10128.0	1.0
10154.0	1.0
10414.0	1.0
10798.0	1.0
10909.0	1.0
11300.0	1.0
11345.0	1.0
11385.0	1.0
11426.0	1.0
11477.0	1.0
11518.0	1.0
11558.0	1.0
11584.0	1.0
11590.0	1.0
11634.0	1.0
11679.0	1.0
11710.0	1.0
11765.0	1.0
11782.0	1.0
11807.0	1.0
11831.0	1.0
11841.0	1.0
11842.0	1.0
11854.0	1.0
11861.0	1.0
11864.0	1.0
11868.0	1.0
11882.0	1.0
11885.0	1.0
11899.0	1.0
11904.0	1.0
11906.0	1.0
11924.0	3.0
11938.0	1.0
11939.0	1.0
11972.0	1.0
11984.0	1.0
12262.0	1.0
12416.0	1.0
12927.0	1.0
13590.0	1.0
13957.0	1.0
14093.0	1.0
14512.0	1.0
15007.0	1.0
15352.0	1.0
15565.0	1.0
15658.0	1.0
15869.0	1.0
16084.0	1.0
16269.0	1.0
16471.0	1.0
16539.0	1.0
16575.0	1.0
16656.0	1.0
16657.0	1.0
16734.0	1.0
16797.0	1.0
16814.0	1.0
16891.0	1.0
16933.0	1.0
16956.0	1.0
17011.0	1.0
17075.0	1.0
17089.0	1.0
17148.0	1.0
17212.0	1.0
17234.0	1.0
17239.0	1.0
17280.0	1.0
17366.0	1.0
17402.0	1.0
17437.0	1.0
17494.0	1.0
17501.0	1.0
17583.0	1.0
17599.0	1.0
17652.0	1.0
17702.0	1.0
17731.0	1.0
17733.0	1.0
17794.0	1.0
17821.0	1.0
17910.0	1.0
17914.0	1.0
17986.0	1.0
17994.0	1.0
18067.0	1.0
18081.0	1.0
18168.0	1.0
18196.0	1.0
18261.0	1.0
18304.0	1.0
18355.0	1.0
18390.0	1.0
18434.0	1.0
18492.0	1.0
18504.0	1.0
18579.0	1.0
18588.0	1.0
18599.0	1.0
18666.0	1.0
18678.0	1.0
18740.0	1.0
18756.0	1.0
18786.0	1.0
18850.0	1.0
18851.0	1.0
18875.0	1.0
18906.0	1.0
18939.0	1.0
18998.0	1.0
19010.0	1.0
19034.0	1.0
19078.0	1.0
19103.0	1.0
19132.0	1.0
19150.0	1.0
19190.0	1.0
19217.0	1.0
19255.0	1.0
19267.0	1.0
19318.0	2.0
19352.0	1.0
19364.0	1.0
19405.0	1.0
19422.0	2.0
19433.0	1.0
19459.0	1.0
19487.0	1.0
19492.0	1.0
19519.0	1.0
19531.0	1.0
19538.0	1.0
19547.0	2.0
19548.0	1.0
19551.0	1.0
19553.0	1.0
19555.0	1.0
19560.0	2.0
19561.0	3.0
19562.0	1.0
19563.0	1.0
19625.0	1.0
19739.0	1.0
19856.0	1.0
19900.0	1.0
19907.0	1.0
19977.0	1.0
20055.0	1.0
20159.0	1.0
20257.0	1.0
20311.0	1.0
20368.0	1.0
20485.0	1.0
20620.0	1.0
20655.0	1.0
20663.0	1.0
20680.0	1.0
20781.0	1.0
20869.0	1.0
20915.0	1.0
20916.0	1.0
20964.0	1.0
21007.0	1.0
21024.0	1.0
21070.0	1.0
21095.0	1.0
21145.0	1.0
21176.0	1.0
21195.0	1.0
21225.0	1.0
21243.0	1.0
21247.0	1.0
