#Insert size (bp)	insert size
2.0	1021.0
3.0	915.0
4.0	967.0
5.0	716.0
6.0	626.0
7.0	613.0
8.0	540.0
9.0	584.0
10.0	556.0
11.0	550.0
12.0	585.0
13.0	549.0
14.0	552.0
15.0	557.0
16.0	607.0
17.0	561.0
18.0	575.0
19.0	18178.0
20.0	11616.0
21.0	6575.0
22.0	4022.0
23.0	2767.0
24.0	2130.0
25.0	1781.0
26.0	1922.0
27.0	1625.0
28.0	1510.0
29.0	1718.0
30.0	1768.0
31.0	1660.0
32.0	1720.0
33.0	1698.0
34.0	1662.0
35.0	1700.0
36.0	1702.0
37.0	1780.0
38.0	1807.0
39.0	1822.0
40.0	1930.0
41.0	1900.0
42.0	1981.0
43.0	2008.0
44.0	2164.0
45.0	2189.0
46.0	2152.0
47.0	2280.0
48.0	2313.0
49.0	2458.0
50.0	2467.0
51.0	2589.0
52.0	2736.0
53.0	2731.0
54.0	2997.0
55.0	3067.0
56.0	3243.0
57.0	3177.0
58.0	3389.0
59.0	3659.0
60.0	3558.0
61.0	3667.0
62.0	3920.0
63.0	3965.0
64.0	4057.0
65.0	4243.0
66.0	4387.0
67.0	4446.0
68.0	4610.0
69.0	4886.0
70.0	4982.0
71.0	5445.0
72.0	5487.0
73.0	5764.0
74.0	5952.0
75.0	6026.0
76.0	6425.0
77.0	6701.0
78.0	7036.0
79.0	7300.0
80.0	7712.0
81.0	8077.0
82.0	8303.0
83.0	8806.0
84.0	9104.0
85.0	9567.0
86.0	10021.0
87.0	10463.0
88.0	10990.0
89.0	11534.0
90.0	11932.0
91.0	12484.0
92.0	13391.0
93.0	14134.0
94.0	14657.0
95.0	16082.0
96.0	16858.0
97.0	17673.0
98.0	18466.0
99.0	19554.0
100.0	21031.0
101.0	22140.0
102.0	23437.0
103.0	24708.0
104.0	25786.0
105.0	27561.0
106.0	29485.0
107.0	30831.0
108.0	32979.0
109.0	34745.0
110.0	36875.0
111.0	38961.0
112.0	41032.0
113.0	43411.0
114.0	45936.0
115.0	48250.0
116.0	51269.0
117.0	54346.0
118.0	57457.0
119.0	60583.0
120.0	63922.0
121.0	67729.0
122.0	70651.0
123.0	74174.0
124.0	77999.0
125.0	81826.0
126.0	85995.0
127.0	89937.0
128.0	94844.0
129.0	99196.0
130.0	103817.0
131.0	108314.0
132.0	112915.0
133.0	117551.0
134.0	122866.0
135.0	127693.0
136.0	132773.0
137.0	138217.0
138.0	143466.0
139.0	149062.0
140.0	154510.0
141.0	160596.0
142.0	166633.0
143.0	171822.0
144.0	177196.0
145.0	183464.0
146.0	189383.0
147.0	195005.0
148.0	200398.0
149.0	206299.0
150.0	213359.0
151.0	219819.0
152.0	225596.0
153.0	230539.0
154.0	236578.0
155.0	242351.0
156.0	248162.0
157.0	254156.0
158.0	259944.0
159.0	266564.0
160.0	272541.0
161.0	278716.0
162.0	285686.0
163.0	291459.0
164.0	298415.0
165.0	302697.0
166.0	309603.0
167.0	315178.0
168.0	321574.0
169.0	329072.0
170.0	334717.0
171.0	341645.0
172.0	346003.0
173.0	352413.0
174.0	358226.0
175.0	364058.0
176.0	371704.0
177.0	378236.0
178.0	385393.0
179.0	390427.0
180.0	395570.0
181.0	404018.0
182.0	408228.0
183.0	414689.0
184.0	420229.0
185.0	425709.0
186.0	431493.0
187.0	438094.0
188.0	443789.0
189.0	447714.0
190.0	453463.0
191.0	460230.0
192.0	465459.0
193.0	469954.0
194.0	476173.0
195.0	481068.0
196.0	485786.0
197.0	490799.0
198.0	496802.0
199.0	500367.0
200.0	505619.0
201.0	512005.0
202.0	514406.0
203.0	519770.0
204.0	524167.0
205.0	529055.0
206.0	533364.0
207.0	537096.0
208.0	541553.0
209.0	544744.0
210.0	549333.0
211.0	553505.0
212.0	555615.0
213.0	559996.0
214.0	563041.0
215.0	567928.0
216.0	569495.0
217.0	574296.0
218.0	576910.0
219.0	581658.0
220.0	581241.0
221.0	585878.0
222.0	587853.0
223.0	589512.0
224.0	593221.0
225.0	595816.0
226.0	598220.0
227.0	600459.0
228.0	601956.0
229.0	603614.0
230.0	605241.0
231.0	606290.0
232.0	609856.0
233.0	609907.0
234.0	611323.0
235.0	613754.0
236.0	614902.0
237.0	615858.0
238.0	618884.0
239.0	618207.0
240.0	618968.0
241.0	620340.0
242.0	620490.0
243.0	621345.0
244.0	620803.0
245.0	620605.0
246.0	623122.0
247.0	621899.0
248.0	622929.0
249.0	623700.0
250.0	623232.0
251.0	624887.0
252.0	623179.0
253.0	620693.0
254.0	622897.0
255.0	620930.0
256.0	622329.0
257.0	621238.0
258.0	620705.0
259.0	618985.0
260.0	619919.0
261.0	618888.0
262.0	617401.0
263.0	614711.0
264.0	613487.0
265.0	611403.0
266.0	612927.0
267.0	611307.0
268.0	609438.0
269.0	608740.0
270.0	606922.0
271.0	605414.0
272.0	604709.0
273.0	603217.0
274.0	600964.0
275.0	598620.0
276.0	598407.0
277.0	596441.0
278.0	593800.0
279.0	592183.0
280.0	591408.0
281.0	588608.0
282.0	588089.0
283.0	584944.0
284.0	583920.0
285.0	582536.0
286.0	580346.0
287.0	577852.0
288.0	577066.0
289.0	573920.0
290.0	572026.0
291.0	571440.0
292.0	566785.0
293.0	564003.0
294.0	562297.0
295.0	561224.0
296.0	557538.0
297.0	555827.0
298.0	554804.0
299.0	552255.0
300.0	550947.0
301.0	547374.0
302.0	546246.0
303.0	543920.0
304.0	540583.0
305.0	537172.0
306.0	536191.0
307.0	535206.0
308.0	531477.0
309.0	529160.0
310.0	525870.0
311.0	525262.0
312.0	521919.0
313.0	518906.0
314.0	517156.0
315.0	514287.0
316.0	511618.0
317.0	510142.0
318.0	507363.0
319.0	506214.0
320.0	502594.0
321.0	500703.0
322.0	498259.0
323.0	496143.0
324.0	492714.0
325.0	489674.0
326.0	488927.0
327.0	486338.0
328.0	483601.0
329.0	480153.0
330.0	478116.0
331.0	474602.0
332.0	473478.0
333.0	471389.0
334.0	468359.0
335.0	465290.0
336.0	464412.0
337.0	460150.0
338.0	458121.0
339.0	454767.0
340.0	453074.0
341.0	451285.0
342.0	447094.0
343.0	445714.0
344.0	442217.0
345.0	440919.0
346.0	439293.0
347.0	434836.0
348.0	432495.0
349.0	429746.0
350.0	427221.0
351.0	425755.0
352.0	423766.0
353.0	418988.0
354.0	418340.0
355.0	415250.0
356.0	413934.0
357.0	409809.0
358.0	407897.0
359.0	405662.0
360.0	401848.0
361.0	399937.0
362.0	399048.0
363.0	396157.0
364.0	392263.0
365.0	390937.0
366.0	388825.0
367.0	385574.0
368.0	383505.0
369.0	381241.0
370.0	379280.0
371.0	377621.0
372.0	374328.0
373.0	372219.0
374.0	369149.0
375.0	366499.0
376.0	364064.0
377.0	362734.0
378.0	358436.0
379.0	356257.0
380.0	356356.0
381.0	352921.0
382.0	350578.0
383.0	348101.0
384.0	345949.0
385.0	344383.0
386.0	340860.0
387.0	339342.0
388.0	337508.0
389.0	335432.0
390.0	332345.0
391.0	329516.0
392.0	328478.0
393.0	325086.0
394.0	323805.0
395.0	321804.0
396.0	318973.0
397.0	317122.0
398.0	313797.0
399.0	312521.0
400.0	309740.0
401.0	307967.0
402.0	306884.0
403.0	303856.0
404.0	302795.0
405.0	299383.0
406.0	299229.0
407.0	295543.0
408.0	293710.0
409.0	291455.0
410.0	288567.0
411.0	287369.0
412.0	285181.0
413.0	282954.0
414.0	281625.0
415.0	277400.0
416.0	277101.0
417.0	275221.0
418.0	272958.0
419.0	270908.0
420.0	268916.0
421.0	266558.0
422.0	265898.0
423.0	263912.0
424.0	261567.0
425.0	259770.0
426.0	257797.0
427.0	256028.0
428.0	252970.0
429.0	252820.0
430.0	250391.0
431.0	249078.0
432.0	247115.0
433.0	245266.0
434.0	243591.0
435.0	242363.0
436.0	240181.0
437.0	238274.0
438.0	236883.0
439.0	234539.0
440.0	232538.0
441.0	231351.0
442.0	228635.0
443.0	227662.0
444.0	225315.0
445.0	222460.0
446.0	220741.0
447.0	217977.0
448.0	217438.0
449.0	214864.0
450.0	212932.0
451.0	212543.0
452.0	209830.0
453.0	208916.0
454.0	206512.0
455.0	205409.0
456.0	203755.0
457.0	202906.0
458.0	200461.0
459.0	198125.0
460.0	196785.0
461.0	195940.0
462.0	194506.0
463.0	192206.0
464.0	191404.0
465.0	190268.0
466.0	188403.0
467.0	187539.0
468.0	185095.0
469.0	184703.0
470.0	182656.0
471.0	181453.0
472.0	179685.0
473.0	178210.0
474.0	177451.0
475.0	175966.0
476.0	174895.0
477.0	173719.0
478.0	170701.0
479.0	170187.0
480.0	169288.0
481.0	167456.0
482.0	166672.0
483.0	164777.0
484.0	163586.0
485.0	161831.0
486.0	161680.0
487.0	159842.0
488.0	158276.0
489.0	157901.0
490.0	156481.0
491.0	155074.0
492.0	153209.0
493.0	152336.0
494.0	151346.0
495.0	149387.0
496.0	148451.0
497.0	147759.0
498.0	146280.0
499.0	144575.0
500.0	144250.0
501.0	143202.0
502.0	142432.0
503.0	141115.0
504.0	140268.0
505.0	138521.0
506.0	137249.0
507.0	136125.0
508.0	135205.0
509.0	133989.0
510.0	133386.0
511.0	131348.0
512.0	130695.0
513.0	129789.0
514.0	129720.0
515.0	127971.0
516.0	126520.0
517.0	126005.0
518.0	124860.0
519.0	123498.0
520.0	122926.0
521.0	121705.0
522.0	120769.0
523.0	119551.0
524.0	118402.0
525.0	117239.0
526.0	115836.0
527.0	115237.0
528.0	113949.0
529.0	112522.0
530.0	112100.0
531.0	110228.0
532.0	109151.0
533.0	108175.0
534.0	106517.0
535.0	106080.0
536.0	105516.0
537.0	103954.0
538.0	104088.0
539.0	102828.0
540.0	101426.0
541.0	101154.0
542.0	99744.0
543.0	99262.0
544.0	98342.0
545.0	97810.0
546.0	96189.0
547.0	95587.0
548.0	94683.0
549.0	93945.0
550.0	93473.0
551.0	92095.0
552.0	92328.0
553.0	90733.0
554.0	89919.0
555.0	88583.0
556.0	88946.0
557.0	87882.0
558.0	87123.0
559.0	86155.0
560.0	85431.0
561.0	84867.0
562.0	84082.0
563.0	83457.0
564.0	83019.0
565.0	82348.0
566.0	81332.0
567.0	80186.0
568.0	79328.0
569.0	79420.0
570.0	77959.0
571.0	77663.0
572.0	76881.0
573.0	75995.0
574.0	75361.0
575.0	75184.0
576.0	74786.0
577.0	73839.0
578.0	73376.0
579.0	72546.0
580.0	71874.0
581.0	70913.0
582.0	70416.0
583.0	70510.0
584.0	69468.0
585.0	69491.0
586.0	68155.0
587.0	67693.0
588.0	66963.0
589.0	65820.0
590.0	65218.0
591.0	64745.0
592.0	64498.0
593.0	63501.0
594.0	62227.0
595.0	62484.0
596.0	61905.0
597.0	60757.0
598.0	60540.0
599.0	59917.0
600.0	59044.0
601.0	58760.0
602.0	58036.0
603.0	57204.0
604.0	57124.0
605.0	56521.0
606.0	55753.0
607.0	55632.0
608.0	54936.0
609.0	54200.0
610.0	53995.0
611.0	53691.0
612.0	53111.0
613.0	52424.0
614.0	52376.0
615.0	51866.0
616.0	50630.0
617.0	50348.0
618.0	50105.0
619.0	49811.0
620.0	49014.0
621.0	48539.0
622.0	48439.0
623.0	47900.0
624.0	47418.0
625.0	46655.0
626.0	46531.0
627.0	46466.0
628.0	45698.0
629.0	45450.0
630.0	44754.0
631.0	44378.0
632.0	44238.0
633.0	43809.0
634.0	43483.0
635.0	42386.0
636.0	42280.0
637.0	42213.0
638.0	41689.0
639.0	41699.0
640.0	40842.0
641.0	40267.0
642.0	40407.0
643.0	39596.0
644.0	39003.0
645.0	38348.0
646.0	37993.0
647.0	37954.0
648.0	37506.0
649.0	37005.0
650.0	37128.0
651.0	36742.0
652.0	36072.0
653.0	35419.0
654.0	35578.0
655.0	35154.0
656.0	34990.0
657.0	34200.0
658.0	33986.0
659.0	33600.0
660.0	33273.0
661.0	32977.0
662.0	32601.0
663.0	32213.0
664.0	31764.0
665.0	31573.0
666.0	31097.0
667.0	31542.0
668.0	30820.0
669.0	30406.0
670.0	30082.0
671.0	29539.0
672.0	29438.0
673.0	29201.0
674.0	29174.0
675.0	28540.0
676.0	28574.0
677.0	28091.0
678.0	27569.0
679.0	27374.0
680.0	27370.0
681.0	26863.0
682.0	26631.0
683.0	26743.0
684.0	26178.0
685.0	26221.0
686.0	25720.0
687.0	25205.0
688.0	25297.0
689.0	24712.0
690.0	24765.0
691.0	24258.0
692.0	24095.0
693.0	23974.0
694.0	23650.0
695.0	23580.0
696.0	23058.0
697.0	22844.0
698.0	22640.0
699.0	22235.0
700.0	22261.0
701.0	21775.0
702.0	21617.0
703.0	21328.0
704.0	21346.0
705.0	20703.0
706.0	20966.0
707.0	20286.0
708.0	20313.0
709.0	19958.0
710.0	20008.0
711.0	19749.0
712.0	19125.0
713.0	19155.0
714.0	19165.0
715.0	18605.0
716.0	18346.0
717.0	18377.0
718.0	18025.0
719.0	17799.0
720.0	17672.0
721.0	17755.0
722.0	17541.0
723.0	17218.0
724.0	17198.0
725.0	17025.0
726.0	16958.0
727.0	16695.0
728.0	16477.0
729.0	16016.0
730.0	16014.0
731.0	15764.0
732.0	15841.0
733.0	15621.0
734.0	15478.0
735.0	15322.0
736.0	14762.0
737.0	14897.0
738.0	14692.0
739.0	14567.0
740.0	14298.0
741.0	14164.0
742.0	14282.0
743.0	13830.0
744.0	13796.0
745.0	13552.0
746.0	13390.0
747.0	13338.0
748.0	12983.0
749.0	12925.0
750.0	12888.0
751.0	12625.0
752.0	12523.0
753.0	12368.0
754.0	12142.0
755.0	12025.0
756.0	12026.0
757.0	11782.0
758.0	11860.0
759.0	11560.0
760.0	11496.0
761.0	11441.0
762.0	11253.0
763.0	11158.0
764.0	10733.0
765.0	10953.0
766.0	10675.0
767.0	10429.0
768.0	10360.0
769.0	10398.0
770.0	10225.0
771.0	10044.0
772.0	9938.0
773.0	9646.0
774.0	9890.0
775.0	9441.0
776.0	9440.0
777.0	9183.0
778.0	9257.0
779.0	9078.0
780.0	8912.0
781.0	8766.0
782.0	8507.0
783.0	8569.0
784.0	8395.0
785.0	8498.0
786.0	8311.0
