#Position (bp)	insert size	chromosomes
2586908.5	428712.5737649069	0.0
7760724.5	369623.4760203148	455211.27287245565
1.29345405E7	245255.4808128906	0.0
1.81083565E7	293109.8578194436	0.0
2.32821725E7	285999.0286874339	455211.27287245565
2.84559885E7	207143.39006044995	0.0
3.36298045E7	240905.52903631885	0.0
3.88036205E7	189158.750578669	455211.27287245565
4.39774365E7	192978.5662625777	0.0
4.91512525E7	177742.8192058411	0.0
5.43250685E7	218726.7867010224	455211.27287245565
5.94988845E7	170916.6039179596	0.0
6.46727005E7	134874.47955164994	0.0
6.98465165E7	111886.04521150747	455211.27287245565
7.50203325E7	132410.53946166765	0.0
8.01941485E7	160110.83030927952	0.0
8.53679645E7	148078.30110478116	455211.27287245565
9.05417805E7	204126.23519167502	0.0
9.57155965E7	178536.4203147934	0.0
1.008894125E8	207253.1198612337	455211.27287245565
1.060632285E8	280144.8705364617	0.0
1.112370445E8	347436.206348571	0.0
1.164108605E8	130682.51198183387	455211.27287245565
1.215846765E8	140870.0532685275	0.0
1.267584925E8	169227.08871782632	0.0
1.319323085E8	127227.0482214694	455211.27287245565
1.371061245E8	175211.03119996437	0.0
1.422799405E8	119900.06875512487	0.0
1.474537565E8	179641.37379049047	455211.27287245565
1.526275725E8	196759.14430678688	0.0
1.578013885E8	210362.5943821327	0.0
1.629752045E8	234703.30339790383	455211.27287245565
1.681490205E8	111191.78955607228	0.0
1.733228365E8	179462.69182854073	0.0
1.784966525E8	103649.87171645998	455211.27287245565
1.836704685E8	137944.08126959423	0.0
1.888442845E8	87395.01220272336	0.0
1.940181005E8	102909.8445158282	455211.27287245565
1.991919165E8	139294.08276796844	0.0
2.043657325E8	111927.54736067446	0.0
2.095395485E8	207535.63041120392	455211.27287245565
2.147133645E8	169912.89429980915	0.0
2.198871805E8	106039.57154217923	0.0
2.250609965E8	119230.94049506076	455211.27287245565
2.302348125E8	108123.97858246398	0.0
2.354086285E8	134397.54922846297	0.0
2.405824445E8	102334.35629479657	455211.27287245565
2.457562605E8	94777.60042903648	0.0
2.509300765E8	73009.94617604745	0.0
2.561038925E8	56626.77835511264	455211.27287245565
2.612777085E8	41267.29238323279	0.0
2.664515245E8	51180.94635603415	0.0
2.716253405E8	42394.63767163493	455211.27287245565
2.767991565E8	42691.12341873591	0.0
2.819729725E8	54948.72849352999	0.0
2.871467885E8	44978.10947146425	455211.27287245565
2.923206045E8	70723.96415378078	0.0
2.974944205E8	67038.4235865807	0.0
3.026682365E8	39918.097560206385	455211.27287245565
3.078420525E8	35357.3413250608	0.0
3.130158685E8	41307.47409507445	0.0
3.181896845E8	27168.382163233542	455211.27287245565
3.233635005E8	28218.20434005931	0.0
3.285373165E8	21879.415756508806	0.0
3.337111325E8	33888.1775387127	455211.27287245565
3.388849485E8	26637.598515291233	0.0
3.440587645E8	23958.340919267674	0.0
3.492325805E8	25113.36561827225	455211.27287245565
3.544063965E8	19966.991037314354	0.0
3.595802125E8	25735.604617452973	0.0
3.647540285E8	22579.169342687375	455211.27287245565
3.699278445E8	20384.51992393593	0.0
3.751016605E8	16964.218499107803	0.0
3.802754765E8	13025.495793111775	455211.27287245565
3.854492925E8	19433.5522453391	0.0
3.906231085E8	21055.666405782526	0.0
3.957969245E8	10977.311816064053	455211.27287245565
4.009707405E8	18520.310020440145	0.0
4.061445565E8	25460.68320869391	0.0
4.113183725E8	13985.453345003009	455211.27287245565
4.164921885E8	10382.706926892091	0.0
4.216660045E8	12162.249861411456	0.0
4.268398205E8	7251.143271576132	455211.27287245565
4.320136365E8	6037.520037449924	0.0
4.371874525E8	4372.2261744538855	0.0
4.423612685E8	6879.970232758244	455211.27287245565
4.475350845E8	6580.653473463649	0.0
4.527089005E8	7058.8234128237855	0.0
4.578827165E8	5005.473752195122	455211.27287245565
4.630565325E8	5199.961008535377	0.0
4.682303485E8	2438.343811233266	0.0
4.734041645E8	960.0500383015407	455211.27287245565
4.785779805E8	653.8594138179833	0.0
4.823234295E8	343.05414254405747	0.0
4.849103375E8	28483.520589168827	455211.27287245565
4.889256125E8	28151.43060289678	0.0
4.940994285E8	23229.872897546964	0.0
4.992732445E8	26041.29281992863	455211.27287245565
5.044470605E8	19795.469628676045	0.0
5.096208765E8	25271.930768891765	0.0
5.147946925E8	18230.316556937818	455211.27287245565
5.199685085E8	16219.440458190846	0.0
5.251423245E8	11709.612930214163	0.0
5.303161405E8	10053.279045740106	455211.27287245565
5.354899565E8	11524.83532153379	0.0
5.406637725E8	9107.2981600955	0.0
5.458375885E8	8470.184202436725	455211.27287245565
5.510114045E8	8002.27630548926	0.0
5.561852205E8	5857.295895738084	0.0
5.613590365E8	6295.528933813051	455211.27287245565
5.665328525E8	7583.010152430079	0.0
5.717066685E8	4197.247314235038	0.0
5.768804845E8	4701.258560857196	455211.27287245565
5.820543005E8	4348.990950590138	0.0
5.872281165E8	2689.508493951292	0.0
5.924019325E8	1744.015604741964	455211.27287245565
5.975757485E8	1599.4397774305262	0.0
6.027495645E8	1995.5157228055912	0.0
6.079233805E8	1146.6576406235545	455211.27287245565
6.130971965E8	921.8693732691734	0.0
6.182710125E8	779.5840381903769	0.0
6.234448285E8	1356.0578323514244	455211.27287245565
6.286186445E8	686.1688722385082	0.0
6.337924605E8	529.3806526505869	0.0
6.389662765E8	557.9978426806177	455211.27287245565
6.441400925E8	382.56099905481176	0.0
6.493139085E8	323.7143294271555	0.0
6.520379055E8	324.3233082706767	455211.27287245565
6.546248135E8	424503.6964107823	0.0
6.596615405E8	455211.27287245565	0.0
6.648353565E8	377081.9293383417	455211.27287245565
6.700091725E8	294699.05913092056	0.0
6.751829885E8	238816.88741768838	0.0
6.803568045E8	211455.87034938778	455211.27287245565
6.855306205E8	176016.0989325015	0.0
6.907044365E8	178129.11123187098	0.0
6.958782525E8	148469.57435401398	455211.27287245565
7.010520685E8	183602.08511371468	0.0
7.062258845E8	161198.68189722643	0.0
7.113997005E8	118376.77810620407	455211.27287245565
7.165735165E8	143156.40565328332	0.0
7.217473325E8	131069.1629711416	0.0
7.269211485E8	185980.6327766859	455211.27287245565
7.320949645E8	163567.1246937786	0.0
7.372687805E8	139819.7104631211	0.0
7.424425965E8	122154.07820686695	455211.27287245565
7.476164125E8	101885.09824845019	0.0
7.527902285E8	115747.95999489626	0.0
7.579640445E8	113511.344648177	455211.27287245565
7.631378605E8	132782.69938648844	0.0
7.683116765E8	117895.94114287669	0.0
7.734854925E8	111403.41659195918	455211.27287245565
7.786593085E8	100833.99973166562	0.0
7.838331245E8	102409.51825298609	0.0
7.890069405E8	133492.49370442584	455211.27287245565
7.941807565E8	113817.54162875169	0.0
7.993545725E8	95774.0376580173	0.0
8.045283885E8	89128.71427693177	455211.27287245565
8.097022045E8	74466.66051639605	0.0
8.148760205E8	66959.73434720974	0.0
8.200498365E8	67774.26039304327	455211.27287245565
8.252236525E8	115776.6299766824	0.0
8.303974685E8	95944.1479810576	0.0
8.355712845E8	82204.92612403323	455211.27287245565
8.407451005E8	74706.33111697917	0.0
8.459189165E8	106083.8759987556	0.0
8.510927325E8	95980.8931071578	455211.27287245565
8.562665485E8	117908.07020967604	0.0
8.614403645E8	82309.90986558945	0.0
8.666141805E8	55432.715463001274	455211.27287245565
8.717879965E8	123540.23268148852	0.0
8.769618125E8	110144.3959530818	0.0
8.821356285E8	73287.75487694345	455211.27287245565
8.873094445E8	83149.77474581267	0.0
8.924832605E8	75932.811770599	0.0
8.976570765E8	68268.20512482386	455211.27287245565
9.028308925E8	65231.03088130878	0.0
9.080047085E8	83020.61787303971	0.0
9.131785245E8	55821.55994354893	455211.27287245565
9.183523405E8	46166.514382411195	0.0
9.235261565E8	60360.94960627751	0.0
9.286999725E8	43507.338946464944	455211.27287245565
9.338737885E8	50224.622120579195	0.0
9.390476045E8	35725.13429307845	0.0
9.442214205E8	26596.221932662684	455211.27287245565
9.493952365E8	24585.932066413363	0.0
9.545690525E8	19311.015957080483	0.0
9.597428685E8	29952.538887141243	455211.27287245565
9.649166845E8	15524.157242777339	0.0
9.700905005E8	14295.676269904367	0.0
9.752643165E8	20097.080213059242	455211.27287245565
9.804381325E8	15505.061286610793	0.0
9.856119485E8	13507.000912656225	0.0
9.907857645E8	16364.614307631444	455211.27287245565
9.959595805E8	10574.858756920115	0.0
1.0011333965E9	4663.297762363339	0.0
1.0063072125E9	8011.235610316787	455211.27287245565
1.0114810285E9	7684.4688624051205	0.0
1.0166548445E9	8264.271684803663	0.0
1.0218286605E9	7161.799988707901	455211.27287245565
1.0270024765E9	5612.785271615274	0.0
1.0321762925E9	5763.0073479563025	0.0
1.0373501085E9	3046.70246154149	455211.27287245565
1.0425239245E9	4685.960985708449	0.0
1.0476977405E9	4173.91288185782	0.0
1.0528715565E9	6029.543931309624	455211.27287245565
1.0580453725E9	3621.827324401465	0.0
1.0632191885E9	6481.588660935097	0.0
1.0683930045E9	2562.3565301634358	455211.27287245565
1.0735668205E9	2013.7077198201662	0.0
1.0787406365E9	1188.5645913321125	0.0
1.0839144525E9	2265.6556667568298	455211.27287245565
1.0890882685E9	1754.9108376500565	0.0
1.0942620845E9	1762.3924415041743	0.0
1.0994359005E9	1020.2788046005638	455211.27287245565
1.1046097165E9	1001.0853715190415	0.0
1.1097835325E9	669.3707912478843	0.0
1.1149573485E9	394.27856714995136	455211.27287245565
1.1181882005E9	302.4005467766483	0.0
1.1207751085E9	219824.71690869262	0.0
1.1253049805E9	194092.94546901312	455211.27287245565
1.1304787965E9	159911.44211438575	0.0
1.1356526125E9	100996.56762977717	0.0
1.1408264285E9	119034.81280598613	455211.27287245565
1.1460002445E9	131660.7671068687	0.0
1.1511740605E9	149419.63784320664	0.0
1.1563478765E9	74634.05607969589	455211.27287245565
1.1615216925E9	74103.61322662703	0.0
1.1666955085E9	61850.981549493765	0.0
1.1718693245E9	48635.30792014765	455211.27287245565
1.1770431405E9	43999.358002696914	0.0
1.1822169565E9	38416.14535606464	0.0
1.1873907725E9	44774.07691794702	455211.27287245565
1.1925645885E9	39687.213438561004	0.0
1.1977384045E9	38970.294141162434	0.0
1.2029122205E9	27878.213574144764	455211.27287245565
1.2080860365E9	23557.675395123806	0.0
1.2132598525E9	27394.438031362002	0.0
1.2184336685E9	28812.487106214314	455211.27287245565
1.2236074845E9	40023.34198606518	0.0
1.2287813005E9	29255.10529435725	0.0
1.2339551165E9	28045.43232672301	455211.27287245565
1.2391289325E9	14323.888700658741	0.0
1.2443027485E9	24897.61636817487	0.0
1.2494765645E9	33111.919125408014	455211.27287245565
1.2546503805E9	26858.286090375714	0.0
1.2598241965E9	22420.67791843964	0.0
1.2649980125E9	30976.805822406008	455211.27287245565
1.2701718285E9	35098.31045275535	0.0
1.2753456445E9	33280.76539725083	0.0
1.2805194605E9	17124.003293654663	455211.27287245565
1.2856932765E9	17734.23005858096	0.0
1.2908670925E9	22223.232178038452	0.0
1.2960409085E9	19635.68665532384	455211.27287245565
1.3012147245E9	21204.419716200642	0.0
1.3063885405E9	16588.948819771555	0.0
1.3115623565E9	19637.186014324325	455211.27287245565
1.3167361725E9	14035.284247306745	0.0
1.3219099885E9	13757.48661470395	0.0
1.3270838045E9	11909.311955951462	455211.27287245565
1.3322576205E9	8808.807329511497	0.0
1.3374314365E9	5723.489934687136	0.0
1.3426052525E9	7898.675614215432	455211.27287245565
1.3477790685E9	10458.426513961438	0.0
1.3529528845E9	8969.413101946368	0.0
1.3581267005E9	7568.547321351603	455211.27287245565
1.3633005165E9	7094.62123809433	0.0
1.3684743325E9	5244.38106795663	0.0
1.3736481485E9	3998.0161808192966	455211.27287245565
1.3788219645E9	6553.550501135452	0.0
1.3839957805E9	6200.160612352583	0.0
1.3891695965E9	6897.606863283168	455211.27287245565
1.3943434125E9	5128.139440771656	0.0
1.3995172285E9	2746.196677572301	0.0
1.4046910445E9	2133.4828831448162	455211.27287245565
1.4098648605E9	1257.9211600312601	0.0
1.4150386765E9	1357.4017956983969	0.0
1.4202124925E9	697.8220862161668	455211.27287245565
1.4253863085E9	1014.7979941164815	0.0
1.4305601245E9	519.899903911466	0.0
1.4357339405E9	351.99943818038133	455211.27287245565
1.4388118925E9	308.9405599044713	0.0
1.441065418E9	323.37696610916333	0.0
1.443161282E9	320.8626050056292	455211.27287245565
1.443735882E9	320.18546070337777	0.0
1.4442895865E9	321.5204711011857	0.0
1.444913117E9	341.03134095634096	455211.27287245565
1.4455288255E9	280.25967189030365	0.0
1.4460931365E9	310.29348316861484	0.0
1.4465982825E9	312.88314837265693	455211.27287245565
1.447080158E9	319.9165941627778	0.0
1.4475167665E9	323.41898849503144	0.0
1.447907069E9	320.5981006718967	455211.27287245565
1.4482862265E9	293.45837124658783	0.0
1.4485718975E9	325.926250398216	0.0
1.4487481175E9	317.93617248372294	455211.27287245565
1.449001605E9	308.50776728601886	0.0
1.449343901E9	302.56990850559134	0.0
1.4496668465E9	312.40673930298	455211.27287245565
1.449974313E9	308.7549118387909	0.0
1.4502684415E9	313.1197417890331	0.0
1.450540361E9	304.26143651132963	455211.27287245565
1.450801367E9	299.5067329417081	0.0
1.451059176E9	320.2374318594791	0.0
1.451307661E9	302.62681890969856	455211.27287245565
1.451547714E9	536.1745261455146	0.0
1.451784517E9	315.101630977477	0.0
1.452015901E9	296.9500946969697	455211.27287245565
1.452241601E9	283.3782216999608	0.0
1.4524656315E9	292.10317771675165	0.0
1.4526889625E9	328.0747678845193	455211.27287245565
1.452904683E9	315.4225443530939	0.0
1.4531132205E9	317.7684191702432	0.0
1.4533199045E9	297.02342954159593	455211.27287245565
1.45352382E9	300.18952017667135	0.0
1.4537245535E9	297.77286135693214	0.0
1.453833122E9	316.3185840707965	455211.27287245565
1.453924137E9	309.18595041322317	0.0
1.4540967415E9	306.3174963515486	0.0
1.4542765095E9	320.1914798206278	455211.27287245565
1.454453896E9	300.6926871377482	0.0
1.454627853E9	318.84299471299096	0.0
1.454793793E9	311.44767292363076	455211.27287245565
1.454954221E9	328.65722667802305	0.0
1.455113722E9	315.0281425891182	0.0
1.4552707885E9	327.8831499543555	455211.27287245565
1.4554260495E9	288.929732041049	0.0
1.455579934E9	304.6175360089498	0.0
1.4557323775E9	327.3861516274485	455211.27287245565
1.4558840695E9	318.4486594075635	0.0
1.4560335785E9	329.4015807387441	0.0
1.4561805565E9	310.77279571691486	455211.27287245565
1.456323842E9	333.6071288443546	0.0
1.4564639545E9	324.0390736100765	0.0
1.4566031245E9	325.62333812824204	455211.27287245565
1.4567407675E9	324.75485464137387	0.0
1.456877058E9	330.01695433447287	0.0
1.457012944E9	312.7218958088523	455211.27287245565
1.4571458465E9	298.49778761061947	0.0
1.45727575E9	333.7782143711347	0.0
1.45740535E9	352.5684444206697	455211.27287245565
1.4575345845E9	304.23	0.0
1.4576628165E9	327.23873559203633	0.0
1.457789841E9	286.2107438016529	455211.27287245565
1.457916243E9	325.50153601694916	0.0
1.4580424135E9	281.4844674556213	0.0
1.458166698E9	325.90820635212043	455211.27287245565
1.4582888625E9	304.8983152827918	0.0
1.4584101875E9	315.40677966101697	0.0
1.458530464E9	301.5108207431605	455211.27287245565
1.4586499655E9	325.20152304859397	0.0
1.458768974E9	324.8643720082061	0.0
1.4588873735E9	306.3529411764706	455211.27287245565
1.458981243E9	283.1742133537989	0.0
1.4590379465E9	294.4596774193548	0.0
1.459116151E9	319.1042461832061	455211.27287245565
1.4592278825E9	304.16389207807117	0.0
1.4593384345E9	319.27905842175875	0.0
1.45944875E9	324.7461452513966	455211.27287245565
1.4595583745E9	271.8540069686411	0.0
1.459667337E9	308.2389979688558	0.0
1.4597759645E9	326.46801368127694	455211.27287245565
1.4598837445E9	328.07430057640937	0.0
1.459990724E9	311.66103542234333	0.0
1.460095789E9	334.29884395441644	455211.27287245565
1.4601989665E9	319.61885430762294	0.0
1.460301645E9	313.56458557588803	0.0
1.460403974E9	330.0418004234683	455211.27287245565
1.4605052115E9	326.8376978905819	0.0
1.460605256E9	343.7540994252687	0.0
1.4607050395E9	319.72786885245904	455211.27287245565
1.4608042615E9	319.05552291421856	0.0
1.4609024215E9	325.80534199363734	0.0
1.4609995645E9	285.0910209102091	455211.27287245565
1.461096222E9	324.9528625203663	0.0
1.461192295E9	326.1702613632656	0.0
1.461287789E9	310.0692219679634	455211.27287245565
1.4613815225E9	328.3622269203665	0.0
1.461473124E9	334.6543557642149	0.0
1.4615641115E9	242.75302663438256	455211.27287245565
1.4616545075E9	329.85167779701544	0.0
1.461744501E9	325.1399983147961	0.0
1.461834469E9	325.96130125700296	455211.27287245565
1.461924136E9	326.5407672212292	0.0
1.462013262E9	320.3530674297979	0.0
1.4621018715E9	309.0354691075515	455211.27287245565
1.462190052E9	316.17366720516964	0.0
1.462278088E9	320.0155827635554	0.0
1.4623660525E9	326.41032517599734	455211.27287245565
1.462453646E9	326.5541436464088	0.0
1.4625403745E9	322.9840652934318	0.0
1.462626589E9	301.2073966642495	455211.27287245565
1.4627127045E9	328.33077605321506	0.0
1.4627981565E9	324.3266993558312	0.0
1.4628827705E9	325.7552277909854	455211.27287245565
1.462966956E9	327.2425169742756	0.0
1.4630510115E9	313.30966418866956	0.0
1.463134927E9	304.56515017667846	455211.27287245565
1.463218774E9	316.8646811265782	0.0
1.4633023375E9	326.3079041063375	0.0
1.46338548E9	325.6834055459272	455211.27287245565
1.463468142E9	325.97765304332574	0.0
1.4635504135E9	321.9336170212766	0.0
1.4636325945E9	324.50415036733136	455211.27287245565
1.463714703E9	327.4704976192699	0.0
1.463796391E9	304.6519898391194	0.0
1.463877603E9	310.9975186104218	455211.27287245565
1.46395871E9	360.17873441863634	0.0
1.4640394975E9	322.84367349064956	0.0
1.464119782E9	326.38628596626614	455211.27287245565
1.4641748715E9	310.7368421052632	0.0
1.4642148715E9	306.9146757679181	0.0
1.464279823E9	320.36193568336427	455211.27287245565
1.464359729E9	326.2865312667023	0.0
1.4644394325E9	325.7700752975468	0.0
1.4645190265E9	325.78635432153334	455211.27287245565
1.4645981735E9	324.82386568059167	0.0
1.464676805E9	325.58684045804335	0.0
1.4647552865E9	313.36332378223494	455211.27287245565
1.464833581E9	325.15370889625285	0.0
1.464911704E9	328.7975623268698	0.0
1.464989731E9	326.1656740350475	455211.27287245565
1.465067448E9	324.80584359472886	0.0
1.465144729E9	326.51940741898915	0.0
1.4652216595E9	309.41076637496684	455211.27287245565
1.4652981775E9	326.44003026863413	0.0
1.4653743825E9	295.9544626593807	0.0
1.4654503885E9	310.82293577981653	455211.27287245565
1.465526243E9	329.07243163340723	0.0
1.4656015175E9	332.6416567138713	0.0
1.4656759405E9	324.9551233033837	455211.27287245565
1.4657496E9	327.0380682914282	0.0
1.4658225005E9	326.65858798735513	0.0
1.465895043E9	323.9542789574814	455211.27287245565
1.4659675185E9	327.67107335267303	0.0
1.466039805E9	327.6701326809071	0.0
1.4661117355E9	326.12599111266013	455211.27287245565
1.4661832985E9	325.09444852555356	0.0
1.466254626E9	326.7921457633115	0.0
1.4663257255E9	325.8690330477356	455211.27287245565
1.466396518E9	327.1739506707053	0.0
1.4664671285E9	325.58118103552806	0.0
1.4665376735E9	323.8811500875558	455211.27287245565
1.4666082055E9	326.63350589409345	0.0
1.466678705E9	326.9439346746359	0.0
1.466748923E9	324.40550034270046	455211.27287245565
1.466818757E9	333.7919356854251	0.0
1.4668883745E9	301.9950347567031	0.0
1.466957778E9	327.55154373588044	455211.27287245565
1.467027038E9	328.23428182583314	0.0
1.4670962625E9	327.2130517366136	0.0
1.467165214E9	328.6884272997033	455211.27287245565
1.467233775E9	324.13280103328833	0.0
1.4673021245E9	336.2173512438776	0.0
1.4673703545E9	330.018282856349	455211.27287245565
1.4674383995E9	327.79510844485463	0.0
1.4675062585E9	312.8258733624454	0.0
1.4675739715E9	324.27949052612627	455211.27287245565
1.4676414985E9	324.36682242990656	0.0
1.467708901E9	332.3520211253301	0.0
1.467776213E9	326.6947268857886	455211.27287245565
1.46784344E9	325.4819704826486	0.0
1.467910435E9	325.1538343322576	0.0
1.4679771755E9	326.4578362334866	455211.27287245565
1.468043677E9	340.57264722069345	0.0
1.4681099365E9	326.05850690381465	0.0
1.4681760955E9	327.7375715193897	455211.27287245565
1.46824219E9	326.5756627213147	0.0
1.4683081735E9	326.14277965284475	0.0
1.4683740325E9	326.49540474374925	455211.27287245565
1.468439794E9	327.68477531857815	0.0
1.46850528E9	325.4011842768352	0.0
1.468570459E9	314.8598837209302	455211.27287245565
1.468635518E9	330.19002201027143	0.0
1.4687005415E9	325.8092163193425	0.0
1.4687655415E9	326.1564008495849	455211.27287245565
1.4688305115E9	327.13337229164796	0.0
1.4688954335E9	324.74036910044373	0.0
1.4689603E9	325.02225642239847	455211.27287245565
1.4690251405E9	358.10052308392085	0.0
1.4690899665E9	326.68773672942854	0.0
1.469154765E9	324.40305105853054	455211.27287245565
1.4692194505E9	329.1189298404515	0.0
1.469283971E9	327.40659411840915	0.0
1.4693399695E9	323.8507873203603	455211.27287245565
1.469372153E9	391.6243455497382	0.0
1.469412738E9	327.163898521628	0.0
1.4694770555E9	326.09991592834507	455211.27287245565
1.469541331E9	325.08570830717724	0.0
1.4696055825E9	324.5542319749216	0.0
1.46966977E9	325.4776581521357	455211.27287245565
1.4697338815E9	328.0537244723052	0.0
1.469797862E9	333.02707265601447	0.0
1.4698617325E9	325.05513628141955	455211.27287245565
1.4699255605E9	325.5172304573673	0.0
1.469989333E9	324.1176935796966	0.0
1.4700530585E9	322.7413869961154	455211.27287245565
1.4701167525E9	324.25070585215605	0.0
1.470180317E9	326.74135090609553	0.0
1.470243755E9	329.9721509875377	455211.27287245565
1.470307189E9	326.60288700846195	0.0
1.470370611E9	326.16868907897356	0.0
1.4704339855E9	325.46462188640584	455211.27287245565
1.470496952E9	311.0940919037199	0.0
1.4705595045E9	323.44667503136765	0.0
1.4706219125E9	325.18897479666634	455211.27287245565
1.4706842135E9	326.35484508378124	0.0
1.4707465085E9	326.011455436366	0.0
1.47080879E9	325.38243187448387	455211.27287245565
1.4708710415E9	335.2931996281047	0.0
1.4709332695E9	329.40571821463357	0.0
1.47099544E9	324.3244297520661	455211.27287245565
1.471057448E9	325.50557076462724	0.0
1.471119294E9	324.89256472670945	0.0
1.4711810885E9	331.5667124562414	455211.27287245565
1.4712428095E9	325.28344532681734	0.0
1.4713044435E9	326.3957449094719	0.0
1.47136602E9	329.77422174410003	455211.27287245565
1.4714275425E9	323.4789987600744	0.0
1.471489006E9	326.9009633148588	0.0
1.4715503865E9	313.00983146067415	455211.27287245565
1.471611813E9	327.54508364601594	0.0
1.4716731615E9	328.09356204054353	0.0
1.471734327E9	329.5148944973107	455211.27287245565
1.471795384E9	326.49661066902445	0.0
1.4718563315E9	325.4171593090211	0.0
1.471917239E9	328.04799126386575	455211.27287245565
1.471978021E9	324.90708781761447	0.0
1.472038683E9	326.06585250075517	0.0
1.472099319E9	325.3265790040957	455211.27287245565
1.4721598115E9	335.4816513761468	0.0
1.4722201535E9	312.9141205615194	0.0
1.472280467E9	324.54853901316494	455211.27287245565
1.4723407465E9	328.25475381572943	0.0
1.4724009875E9	330.8728226887003	0.0
1.4724610955E9	341.0669334303383	455211.27287245565
1.4725209245E9	330.67015706806285	0.0
1.472580588E9	315.1249215317012	0.0
1.4726402365E9	324.9502984632319	455211.27287245565
1.472699851E9	327.1695243362832	0.0
1.47275942E9	326.12571388772807	0.0
1.4728189415E9	323.2661240681212	455211.27287245565
1.472878416E9	324.36534489880216	0.0
1.472937864E9	327.29701852130705	0.0
1.4729972445E9	328.7636388341599	455211.27287245565
1.4730564195E9	307.3126338329765	0.0
1.4731153915E9	340.5864696838024	0.0
1.4731742925E9	290.10541082164326	455211.27287245565
1.4732331755E9	344.16609331847474	0.0
1.473292052E9	326.3364202216487	0.0
1.4733508975E9	326.18913241369654	455211.27287245565
1.4734096785E9	325.08190459655367	0.0
1.473468219E9	324.92046972139076	0.0
1.473526531E9	327.0194281737517	455211.27287245565
1.47358478E9	324.70650857719477	0.0
1.473642965E9	318.5249003984064	0.0
1.473701115E9	327.5296417401194	455211.27287245565
1.473759187E9	328.64011848871	0.0
1.4738171525E9	326.2633305415969	0.0
1.473875072E9	326.86196339434275	455211.27287245565
1.4739329595E9	330.0087431693989	0.0
1.473990813E9	326.77370853162284	0.0
1.474048623E9	325.42286161439836	455211.27287245565
1.4741063875E9	276.29411764705884	0.0
1.4741640615E9	326.3444428343718	0.0
1.474221656E9	325.24649298597194	455211.27287245565
1.4742792405E9	331.65622175354025	0.0
1.474336723E9	309.25130890052355	0.0
1.4743940615E9	323.2582943665108	455211.27287245565
1.4744512915E9	322.9612087441063	0.0
1.4745084605E9	325.24268321795176	0.0
1.4745373025E9	316.64150943396226	455211.27287245565
1.4745658825E9	327.11966924431516	0.0
1.4746227515E9	314.0767356881851	0.0
1.4746798415E9	325.8043920884235	455211.27287245565
1.474736922E9	324.6781633077083	0.0
1.4747939775E9	327.3359907232932	0.0
1.474850926E9	327.10964071485995	455211.27287245565
1.4749077785E9	325.0386574074074	0.0
1.4749645815E9	321.9037190082645	0.0
1.4750213375E9	324.4462635523539	455211.27287245565
1.475078085E9	324.98156580493537	0.0
1.475134825E9	323.55540511651105	0.0
1.475191526E9	325.44068248467073	455211.27287245565
1.475248184E9	331.33151750972763	0.0
1.475304785E9	327.06150558062217	0.0
1.475361331E9	325.1327564373153	455211.27287245565
1.475417846E9	324.57146130492066	0.0
1.4754743335E9	321.96765734265733	0.0
1.475530812E9	324.0217567245894	455211.27287245565
1.475587265E9	324.1739185428788	0.0
1.475643675E9	326.854928175224	0.0
1.475700015E9	285.7720465890183	455211.27287245565
1.4757562905E9	325.57284589020503	0.0
1.475812363E9	327.49701927076114	0.0
1.475868203E9	324.73815935371454	455211.27287245565
1.475923985E9	312.9604471195185	0.0
1.475979756E9	323.61773720682305	0.0
1.4760355205E9	327.1053039702233	455211.27287245565
1.4760912475E9	324.40514311270124	0.0
1.4761469345E9	322.8504630675401	0.0
1.476202504E9	318.51848084096304	455211.27287245565
1.476257941E9	313.3408479138627	0.0
1.4763133535E9	325.1088637085672	0.0
1.476368758E9	320.0160642570281	455211.27287245565
1.476424068E9	325.6448316887116	0.0
1.4764792465E9	326.3607249692064	0.0
1.4765343335E9	323.47963105303614	455211.27287245565
1.476589309E9	325.5650655021834	0.0
1.4766441565E9	322.5472303206997	0.0
1.476698899E9	317.26381156316916	455211.27287245565
1.4767535E9	323.38639281129656	0.0
1.4768079975E9	321.7391529307414	0.0
1.476862488E9	324.9456444338951	455211.27287245565
1.4769169595E9	325.51772151898734	0.0
1.476971295E9	329.70366795366795	0.0
1.477025485E9	323.73648753291	455211.27287245565
1.477079584E9	324.2810932136256	0.0
1.4771336005E9	281.2527693856999	0.0
1.4771875805E9	330.2610875767269	455211.27287245565
1.4772414615E9	328.0703571724538	0.0
1.477295249E9	321.98915351941747	0.0
1.4773490025E9	322.67166565164433	455211.27287245565
1.477402727E9	324.3179646621673	0.0
1.47745644E9	288.01206896551724	0.0
1.4775101175E9	325.0173633909681	455211.27287245565
1.47756376E9	325.7404947320202	0.0
1.4776173835E9	322.02886862139144	0.0
1.477670962E9	325.2055070883315	455211.27287245565
1.4777244945E9	330.8905481697323	0.0
1.477777974E9	324.5589157136806	0.0
1.477831364E9	320.21422663358146	455211.27287245565
1.477884697E9	323.91504259540204	0.0
1.4779380235E9	323.35706207589845	0.0
1.47799131E9	329.519394512772	455211.27287245565
1.4780445285E9	323.3994795363142	0.0
1.478097698E9	305.7497142857143	0.0
1.4781508375E9	327.7790241639607	455211.27287245565
1.478203958E9	324.1067351160831	0.0
1.478257044E9	312.159901599016	0.0
1.478310098E9	324.2763898421414	455211.27287245565
1.4783631485E9	323.1320682237247	0.0
1.478416185E9	325.53059667327943	0.0
1.478469181E9	299.87269681742043	455211.27287245565
1.478522147E9	327.7435059493883	0.0
1.478575098E9	322.9124811552805	0.0
1.4786279995E9	323.31505950707526	455211.27287245565
1.4786808495E9	323.05546177959974	0.0
1.478733679E9	325.92913327396855	0.0
1.478786488E9	328.7535902267854	455211.27287245565
1.4788392785E9	322.80882120877385	0.0
1.4788920575E9	322.3965974062195	0.0
1.4789447795E9	324.6221393897365	455211.27287245565
1.4789974325E9	320.01699524133244	0.0
1.4790500305E9	323.903456677326	0.0
1.479102591E9	338.5899193198577	455211.27287245565
1.479155139E9	324.7963864217058	0.0
1.479207655E9	330.5333388416095	0.0
1.479260108E9	280.1036889332004	455211.27287245565
1.479312504E9	325.6320858082002	0.0
1.479364824E9	323.2697784143567	0.0
1.479417039E9	324.6398161586841	455211.27287245565
1.4794692055E9	323.6973800176268	0.0
1.4795213615E9	323.55060476004684	0.0
1.4795735025E9	323.1871017737214	455211.27287245565
1.47962561E9	309.62112932604737	0.0
1.479677666E9	324.8950050040943	0.0
1.4797075285E9	324.39798367738837	455211.27287245565
1.479733538E9	322.5167075984223	0.0
1.479781665E9	324.6223676293622	0.0
1.4798335805E9	324.9634820867379	455211.27287245565
1.479885453E9	323.51112423705456	0.0
1.4799372575E9	323.77271041898405	0.0
1.479989002E9	323.8887272727273	455211.27287245565
1.4800406965E9	322.8792431378918	0.0
1.4800923275E9	303.2002412545235	0.0
1.480143924E9	324.4485181296939	455211.27287245565
1.4801955155E9	324.34442755420434	0.0
1.4802471025E9	312.1608154020385	0.0
1.480298622E9	322.96868490487435	455211.27287245565
1.480350067E9	321.1259906523064	0.0
1.4804014845E9	321.9035333707235	0.0
1.4804528755E9	323.30386485794725	455211.27287245565
1.480504211E9	323.36054344749505	0.0
1.4805554605E9	331.3097665795905	0.0
1.480606667E9	324.9429645679327	455211.27287245565
1.4806578665E9	323.74136569253966	0.0
1.480709056E9	323.7318904950335	0.0
1.4807602225E9	323.6484702093398	455211.27287245565
1.480811365E9	322.01508674880563	0.0
1.4808624975E9	322.48510971786834	0.0
1.4809136255E9	322.4745348470514	455211.27287245565
1.4809647445E9	322.522623555685	0.0
1.4810158395E9	327.3687295871368	0.0
1.4810668995E9	327.177690674506	455211.27287245565
1.4811179405E9	324.0974968883972	0.0
1.481168939E9	325.20400810628234	0.0
1.481219894E9	324.94104283859804	455211.27287245565
1.4812708395E9	321.72828814245247	0.0
1.481321727E9	323.72181103567965	0.0
1.481372509E9	327.1830151997172	455211.27287245565
1.481423198E9	309.13866666666667	0.0
1.481473832E9	327.31455897980874	0.0
1.481524431E9	318.6911673872761	455211.27287245565
1.4815750025E9	324.27970152734053	0.0
1.481625558E9	324.4590371903586	0.0
1.481676092E9	322.3358806404658	455211.27287245565
1.4817266055E9	331.08145726296124	0.0
1.481777102E9	335.48306567021785	0.0
1.481827576E9	323.57591463414633	455211.27287245565
1.4818780295E9	325.27057957982504	0.0
1.481928471E9	332.33731231931364	0.0
1.481978899E9	329.1692721055203	455211.27287245565
1.482029302E9	324.34153972828324	0.0
1.4820796615E9	322.52787861187744	0.0
1.482129963E9	326.25351009340164	455211.27287245565
1.4821802255E9	326.1392495993811	0.0
1.4822304695E9	323.7566993629285	0.0
1.4822806935E9	323.4270147190372	455211.27287245565
1.482330906E9	323.667363470081	0.0
1.482381076E9	325.14599299839153	0.0
1.482431195E9	322.83510106063636	455211.27287245565
1.482481296E9	324.0713585090731	0.0
1.482531365E9	327.20200462606016	0.0
1.4825813975E9	307.09871794871793	455211.27287245565
1.4826314175E9	324.630303030303	0.0
1.4826814E9	325.223139642894	0.0
1.482731345E9	322.7065817409767	455211.27287245565
1.4827812865E9	324.6137339055794	0.0
1.482831219E9	324.5195649603972	0.0
1.482881135E9	323.53101538012976	455211.27287245565
1.4829310385E9	324.7474465520523	0.0
1.482980926E9	334.89443635956565	0.0
1.4830307785E9	325.7954232622161	455211.27287245565
1.4830805975E9	327.9300206536265	0.0
1.4831304E9	324.4516146221891	0.0
1.48318017E9	320.34930643127365	455211.27287245565
1.483229864E9	321.9471691142514	0.0
1.4832795035E9	323.14215015953636	0.0
1.48332913E9	301.1049277824979	455211.27287245565
1.483378748E9	367.47800129785855	0.0
1.483428345E9	322.3681823752911	0.0
1.483477903E9	324.82286902286904	455211.27287245565
1.483527426E9	326.2184921230308	0.0
1.483576923E9	334.7730061349693	0.0
1.4836263665E9	303.4652644996813	455211.27287245565
1.483675744E9	323.7678393296535	0.0
1.4837250715E9	325.279537366548	0.0
1.483774341E9	318.09022556390977	455211.27287245565
1.4838235645E9	314.9932241671372	0.0
1.4838727505E9	323.61985491247435	0.0
1.483921889E9	327.0082742316785	455211.27287245565
1.483970915E9	323.65847771743813	0.0
1.484019848E9	324.77622504537203	0.0
1.4840687615E9	317.19716206123974	455211.27287245565
1.484117657E9	323.03946610332247	0.0
1.484166493E9	324.8925704526046	0.0
1.484215264E9	325.24533890921765	455211.27287245565
1.484264022E9	324.4516740366393	0.0
1.48431274E9	321.1707379569525	0.0
1.48436142E9	327.51909237151807	455211.27287245565
1.484410068E9	324.52567307692306	0.0
1.4844586865E9	326.5547391623806	0.0
1.484507302E9	324.7870666496098	455211.27287245565
1.484555913E9	315.09251471825064	0.0
1.4846045155E9	322.2278963414634	0.0
1.484653108E9	299.78110599078343	455211.27287245565
1.484701682E9	324.05719252498915	0.0
1.484750239E9	325.15789925341113	0.0
1.4847987815E9	340.3906103286385	455211.27287245565
1.484847311E9	317.5317403708987	0.0
1.484878384E9	269.8838174273859	0.0
1.4849026435E9	252.2467741935484	455211.27287245565
1.4849443305E9	322.3159407665505	0.0
1.4849928005E9	325.6281017960272	0.0
1.485041266E9	323.92408771342485	455211.27287245565
1.4850897195E9	322.6445055537582	0.0
1.485138161E9	327.51403981570024	0.0
1.4851865935E9	321.8735211267606	455211.27287245565
1.485234967E9	322.3518050541516	0.0
1.4852832835E9	311.60858027421494	0.0
1.485331592E9	335.1281696634394	455211.27287245565
1.485379883E9	325.5539895300006	0.0
1.485428155E9	324.3560169165705	0.0
1.4854764205E9	322.63300492610836	455211.27287245565
1.485524572E9	340.7238912732475	0.0
1.4855726015E9	326.6867969758436	0.0
1.4856206075E9	322.1464548964549	455211.27287245565
1.485668588E9	323.8581500282008	0.0
1.4857165475E9	325.16125947681167	0.0
1.4857644805E9	325.75392115303094	455211.27287245565
1.485812387E9	311.0617059891107	0.0
1.485860281E9	324.5136981270657	0.0
1.4859081705E9	319.9144869215292	455211.27287245565
1.485956024E9	323.757670221493	0.0
1.4860038335E9	324.03666350922157	0.0
1.4860516E9	323.93053221288517	455211.27287245565
1.486099321E9	326.17427218696486	0.0
1.486147028E9	330.7019598276002	0.0
1.4861947055E9	324.56176888227736	455211.27287245565
1.48624234E9	325.67524532493985	0.0
1.486289953E9	323.0438596491228	0.0
1.4863375515E9	323.48064828253507	455211.27287245565
1.486385137E9	323.5986872948898	0.0
1.486432712E9	323.1598440545809	0.0
1.4864802735E9	322.6332039520113	455211.27287245565
1.486527796E9	323.70938079973007	0.0
1.486575286E9	316.27951096121416	0.0
1.486622768E9	323.8340826941726	455211.27287245565
1.486670241E9	324.16023339317775	0.0
1.4867177115E9	325.1668056713928	0.0
1.4867651575E9	323.6257608159237	455211.27287245565
1.4868125545E9	322.2967004189944	0.0
1.486859921E9	324.84845992139657	0.0
1.4869072685E9	323.61287246722287	455211.27287245565
1.486954596E9	300.62230919765165	0.0
1.487001908E9	324.69206527067723	0.0
1.487049206E9	325.06851324531885	455211.27287245565
1.4870964905E9	328.45501526896874	0.0
1.487143726E9	321.68604093380236	0.0
1.4871909205E9	325.8334991472428	455211.27287245565
1.487238105E9	324.4505651155687	0.0
1.487285273E9	323.14872364039957	0.0
1.487332424E9	325.08424225028705	455211.27287245565
1.487379558E9	324.03825681969397	0.0
1.487426664E9	326.1251521108303	0.0
1.4874737385E9	325.4682256337023	455211.27287245565
1.487520786E9	324.51044749349836	0.0
1.487567779E9	324.5029177718833	0.0
1.487614724E9	324.613542074364	455211.27287245565
1.487661629E9	325.52873123625585	0.0
1.4877084645E9	324.1782909930716	0.0
1.487755248E9	321.8565627950897	455211.27287245565
1.487802019E9	324.38364826115725	0.0
1.487848784E9	321.20769796068345	0.0
1.4878955195E9	325.82298568507156	455211.27287245565
1.4879422115E9	324.3084319058764	0.0
1.4879888735E9	323.2559359715429	0.0
1.488035506E9	318.4711498547115	455211.27287245565
1.4880821115E9	311.38822115384613	0.0
1.488128697E9	325.66182204891885	0.0
1.488175266E9	322.216002838641	455211.27287245565
1.4882218265E9	325.3061971830986	0.0
1.4882683295E9	323.89817473338803	0.0
1.4883147695E9	323.5480165140908	455211.27287245565
1.4883611925E9	325.96754486445207	0.0
1.488407604E9	322.8169754631948	0.0
1.4884540085E9	328.9577841451767	455211.27287245565
1.4885003865E9	322.81093352706137	0.0
1.488546737E9	324.10188138793046	0.0
1.4885930695E9	324.5912853349992	455211.27287245565
1.48863937E9	323.22394708423326	0.0
1.4886856445E9	330.60243096530564	0.0
1.488731908E9	325.99341250695863	455211.27287245565
1.4887781655E9	326.43413531835705	0.0
1.4888244155E9	322.02433929706655	0.0
1.4888706345E9	322.8241469816273	455211.27287245565
1.488916806E9	325.7264366397136	0.0
1.4889629455E9	323.75735030476875	0.0
1.4890090725E9	317.65800865800867	455211.27287245565
1.4890551825E9	322.52618323925316	0.0
1.489101266E9	323.0292614362382	0.0
1.489147334E9	331.0269497305027	455211.27287245565
1.4891933915E9	323.23896499238964	0.0
1.4892394175E9	327.0942413427221	0.0
1.489285417E9	301.87638888888887	455211.27287245565
1.489331415E9	323.4634811754618	0.0
1.4893773925E9	323.0940189175734	0.0
1.4894233285E9	324.30367468755827	455211.27287245565
1.4894692255E9	321.6225424784272	0.0
1.489515099E9	310.00351339481773	0.0
1.4895609385E9	322.42610130139917	455211.27287245565
1.489606745E9	314.1239470517449	0.0
1.4896525395E9	322.387398739874	0.0
1.4896983265E9	323.3337146422629	455211.27287245565
1.489744104E9	324.5184300027576	0.0
1.4897898715E9	326.1359074057329	0.0
1.489835595E9	312.80529671407555	455211.27287245565
1.489881264E9	324.6844454362865	0.0
1.489926899E9	330.60732883317263	0.0
1.489972465E9	326.2481785063752	455211.27287245565
1.4900179665E9	315.01473839351513	0.0
1.4900498585E9	322.57958600999285	0.0
1.490072583E9	322.9993898718731	455211.27287245565
1.4901088415E9	321.19085649603824	0.0
1.490154196E9	323.11778147071044	0.0
1.4901995305E9	323.5174111602683	455211.27287245565
1.4902448525E9	324.1470753655793	0.0
1.490290136E9	322.83133453808665	0.0
1.4903353745E9	307.4811994288434	455211.27287245565
1.490380596E9	323.27510719927784	0.0
1.4904257875E9	343.77128253334115	0.0
1.490470894E9	316.85236363636363	455211.27287245565
1.4905159235E9	322.60010092090323	0.0
1.490560935E9	324.2740656851642	0.0
1.490605935E9	326.5241027554892	455211.27287245565
1.490650917E9	326.45710728836576	0.0
1.4906958815E9	326.7076124567474	0.0
1.490740827E9	339.14384144266756	455211.27287245565
1.4907857635E9	311.89895988112926	0.0
1.490830694E9	321.8902202072539	0.0
1.4908756115E9	324.8996118823705	455211.27287245565
1.490920494E9	324.29136495293267	0.0
1.4909653455E9	321.6753287743293	0.0
1.49101016E9	324.4209085933224	455211.27287245565
1.4910549175E9	325.39164733178654	0.0
1.4910996455E9	323.49598480269407	0.0
1.4911443615E9	324.895735044348	455211.27287245565
1.491189058E9	320.87819436672265	0.0
1.4912337045E9	318.187610619469	0.0
1.4912782855E9	323.405655630472	455211.27287245565
1.491322818E9	330.1921921921922	0.0
1.4913672715E9	339.11461067366577	0.0
1.4914116605E9	322.7088480801336	455211.27287245565
1.491456035E9	324.99164677804293	0.0
1.491500398E9	322.9180434379061	0.0
1.4915447535E9	321.51116659730894	455211.27287245565
1.4915890995E9	322.9466823099987	0.0
1.4916334215E9	323.2558519680921	0.0
1.4916776985E9	323.236055629531	455211.27287245565
1.491721914E9	328.60594241138006	0.0
1.491766067E9	323.71563088512244	0.0
1.4918101865E9	323.35520510654277	455211.27287245565
1.491854264E9	325.46473933649287	0.0
1.491898298E9	321.3424200278164	0.0
1.491942316E9	322.8774242858508	455211.27287245565
1.4919863005E9	323.9090515374621	0.0
1.4920302395E9	324.1596145789694	0.0
1.49207415E9	317.37009622501853	455211.27287245565
1.4921180345E9	322.82371339209556	0.0
1.492161899E9	322.41130225675175	0.0
1.4922056585E9	329.5911247130834	455211.27287245565
1.492249306E9	323.8024482904179	0.0
1.492292934E9	322.41341566095986	0.0
1.4923365375E9	323.38219933265634	455211.27287245565
1.4923801225E9	324.6100113122172	0.0
1.4924237025E9	323.35026992696095	0.0
1.492467267E9	330.3121491770526	455211.27287245565
1.492510817E9	324.4820964481663	0.0
1.4925543325E9	320.5812111489874	0.0
1.4925978135E9	322.73628094243963	455211.27287245565
1.4926412915E9	324.0831623931624	0.0
1.4926847455E9	321.859649122807	0.0
1.4927281115E9	314.0109489051095	455211.27287245565
1.49277138E9	321.2072846844568	0.0
1.4928146005E9	324.5411574142247	0.0
1.492857802E9	326.1443573928988	455211.27287245565
1.4929009985E9	330.0445986124876	0.0
1.4929441855E9	323.8441332689522	0.0
1.4929873635E9	323.6867962132536	455211.27287245565
1.4930305305E9	323.27291268323773	0.0
1.493073666E9	325.139385557641	0.0
1.493116759E9	322.61078281170205	455211.27287245565
1.493159827E9	315.42110762800417	0.0
1.493202872E9	324.386474741988	0.0
1.4932458955E9	323.47613723709037	455211.27287245565
1.493288912E9	322.47559732759595	0.0
1.4933319135E9	323.05964620984736	0.0
1.4933748855E9	323.5462304409673	455211.27287245565
1.4934178335E9	327.19075144508673	0.0
1.49346076E9	321.8407964939024	0.0
1.4935036525E9	326.01490905476595	455211.27287245565
1.493546522E9	324.2217216727059	0.0
1.493589381E9	323.1690454124189	0.0
1.493632207E9	327.2410345397455	455211.27287245565
1.493674998E9	324.8811420982736	0.0
1.4937177775E9	323.3349792613075	0.0
1.493760539E9	285.18055555555554	455211.27287245565
1.493803277E9	332.20184254606363	0.0
1.4938459955E9	323.5891093360818	0.0
1.493888642E9	325.8276034880225	455211.27287245565
1.493931208E9	323.4608147000221	0.0
1.4939737295E9	324.4442329968559	0.0
1.494016196E9	325.25584809631005	455211.27287245565
1.4940586255E9	326.68883928571427	0.0
1.494101034E9	324.14265720283913	0.0
1.494143386E9	323.7409240924092	455211.27287245565
1.4941856805E9	326.0720436280138	0.0
1.4942279585E9	328.0604217356042	0.0
1.4942702145E9	323.0188027320209	455211.27287245565
1.494312442E9	324.6598652931854	0.0
1.4943546495E9	329.5601663961039	0.0
1.494396838E9	324.1608350292129	455211.27287245565
1.494439018E9	326.42201900921657	0.0
1.4944811245E9	326.95216465578426	0.0
1.4945231445E9	321.8976841684967	455211.27287245565
1.494565144E9	324.3423042923092	0.0
1.4946071355E9	321.61335765683594	0.0
1.4946491245E9	321.81445566330103	455211.27287245565
1.494691102E9	324.5795990566038	0.0
1.494733054E9	323.9699448529412	0.0
1.494774986E9	317.39927344782035	455211.27287245565
1.4948169115E9	348.48089322220477	0.0
1.49485879E9	324.4962170886714	0.0
1.494900609E9	323.4585747392816	455211.27287245565
1.4949424005E9	273.49867021276594	0.0
1.494984173E9	323.89763059832666	0.0
1.495025928E9	321.6517123973563	455211.27287245565
1.495067659E9	324.0727071123079	0.0
1.495109348E9	323.4497751124438	0.0
1.4951509875E9	326.35766672352037	455211.27287245565
1.495192596E9	322.7713606381347	0.0
1.4952231095E9	324.901816668978	0.0
1.495243906E9	324.46077598414047	455211.27287245565
1.495275781E9	323.2527123848516	0.0
1.495317349E9	318.4334349593496	0.0
1.495358892E9	324.4521961285251	455211.27287245565
1.4954004145E9	319.3457785320322	0.0
1.495441905E9	331.07592648388066	0.0
1.4954833735E9	321.66810123988114	455211.27287245565
1.4955248E9	306.8314479638009	0.0
1.495566187E9	323.58287596048297	0.0
1.4956075395E9	321.9612079255192	455211.27287245565
1.495648783E9	323.9313055365687	0.0
1.4956899355E9	323.63032498902066	0.0
1.4957310675E9	326.1666890080429	455211.27287245565
1.495772172E9	326.125485681393	0.0
1.4958132545E9	323.33162393162394	0.0
1.495854336E9	323.5274385964912	455211.27287245565
1.4958953875E9	323.96617008069524	0.0
1.4959363985E9	325.4282119295382	0.0
1.4959773835E9	326.3988799004356	455211.27287245565
1.4960183525E9	326.24789695057837	0.0
1.4960592985E9	323.250350140056	0.0
1.4961001845E9	324.90651529098903	455211.27287245565
1.49614101E9	325.00635506355064	0.0
1.4961817895E9	323.4322057590159	0.0
1.496222536E9	310.36378205128204	455211.27287245565
1.496263254E9	313.52455357142856	0.0
1.4963039235E9	323.8704227843623	0.0
1.4963445465E9	324.48188508349847	455211.27287245565
1.496385148E9	325.7051956247371	0.0
1.4964257025E9	323.3406103554692	0.0
1.4964662115E9	324.04393451797955	455211.27287245565
1.4965067155E9	323.0870902624243	0.0
1.496547193E9	324.59314615138254	0.0
1.4965876015E9	327.5862427745665	455211.27287245565
1.49662796E9	315.6816753926702	0.0
1.496668309E9	322.81814411612237	0.0
1.4967086505E9	295.8857566765579	455211.27287245565
1.4967489645E9	326.2388528365083	0.0
1.496789165E9	322.67432510051697	0.0
1.4968292695E9	326.1858407079646	455211.27287245565
1.496869355E9	323.46943597560977	0.0
1.496909428E9	322.51081411956744	0.0
1.496949494E9	321.01942453516153	455211.27287245565
1.496989531E9	325.18133033820044	0.0
1.4970295425E9	325.2339100346021	0.0
1.497069519E9	324.08449131513646	455211.27287245565
1.4971094615E9	323.44646333549645	0.0
1.4971493925E9	322.9169338988311	0.0
1.4971892835E9	325.98904032598006	455211.27287245565
1.49722914E9	323.38187128403047	0.0
1.497268974E9	324.6507484714316	0.0
1.4973087875E9	324.6161106233538	455211.27287245565
1.4973485995E9	325.1669470142977	0.0
1.4973883985E9	326.2835855919277	0.0
1.497428166E9	323.21702586206897	455211.27287245565
1.4974679105E9	320.7797135114208	0.0
1.497507626E9	327.4245565291729	0.0
1.4975473125E9	322.4187250996016	455211.27287245565
1.4975869945E9	306.06243154435924	0.0
1.4976266755E9	324.7448304965537	0.0
1.4976663455E9	324.43965404272046	455211.27287245565
1.4977060025E9	323.6373626373626	0.0
1.497745653E9	328.27906976744185	0.0
1.497785297E9	311.52777777777777	455211.27287245565
1.49782493E9	326.66968230591203	0.0
1.497864541E9	324.5373812474184	0.0
1.4979041315E9	300.7362278244631	455211.27287245565
1.4979437065E9	318.03446669771773	0.0
1.4979832685E9	322.169479506453	0.0
1.4980228115E9	322.6251884494955	455211.27287245565
1.4980623115E9	322.14874479795947	0.0
1.498101774E9	324.3075545253398	0.0
1.498141222E9	321.802371541502	455211.27287245565
1.4981806635E9	322.571487646025	0.0
1.498220084E9	286.11598746081506	0.0
1.498259483E9	324.0302592171848	455211.27287245565
1.498298856E9	324.6569973114476	0.0
1.4983381765E9	320.07603329101426	0.0
1.4983774675E9	327.0232486050837	455211.27287245565
1.4984167335E9	323.50508404233244	0.0
1.4984559575E9	320.6034063260341	0.0
1.4984951625E9	322.50917052738464	455211.27287245565
1.498534363E9	324.95807323208794	0.0
1.4985735515E9	321.4051282051282	0.0
1.4986127065E9	323.5271815961959	455211.27287245565
1.498651814E9	321.2238805970149	0.0
1.498690893E9	324.41317073170734	0.0
1.4987299515E9	307.501124269225	455211.27287245565
1.49876899E9	319.97534576067346	0.0
1.498808022E9	326.1929940515532	0.0
1.4988470355E9	324.586213536151	455211.27287245565
1.4988859755E9	323.63686368636866	0.0
1.498924857E9	323.8704061895551	0.0
1.498963734E9	325.87549363756034	455211.27287245565
1.499002572E9	322.0128549072211	0.0
1.499041365E9	323.23457604750905	0.0
1.499080101E9	324.62605452446496	455211.27287245565
1.499118788E9	327.74477576895987	0.0
1.4991574705E9	326.61265932166776	0.0
1.499196124E9	326.81020956475015	455211.27287245565
1.4992347455E9	301.7742914979757	0.0
1.4992733535E9	320.4789180588703	0.0
1.499311954E9	321.7816432272391	455211.27287245565
1.499350539E9	322.51605231866824	0.0
1.499389088E9	322.031079198371	0.0
1.4994276105E9	323.68126094570925	455211.27287245565
1.499466114E9	322.0534029088487	0.0
1.499504591E9	322.1947544642857	0.0
1.499543027E9	327.85545851528383	455211.27287245565
1.4995814235E9	329.9759295078444	0.0
1.499619808E9	323.84738275785907	0.0
1.4996581885E9	324.16908531222515	455211.27287245565
1.4996965595E9	323.83934611048477	0.0
1.4997349165E9	312.1269430051814	0.0
1.499773247E9	324.326203783319	455211.27287245565
1.4998115515E9	326.1092908438061	0.0
1.499849847E9	322.304600856484	0.0
1.499888138E9	321.9930698347422	455211.27287245565
1.499926422E9	325.1390357698289	0.0
1.4999646995E9	325.1237993596585	0.0
1.5000029725E9	324.59040232670867	455211.27287245565
1.500041224E9	320.9291319274154	0.0
1.50007944E9	323.61628220087965	0.0
1.500117618E9	325.15019430732065	455211.27287245565
1.500155769E9	321.0837077323244	0.0
1.500193863E9	326.5294536817102	0.0
1.500231898E9	323.55991561181435	455211.27287245565
1.500269916E9	324.6827925270403	0.0
1.500307908E9	327.6955553270964	0.0
1.500345875E9	293.77261761158024	455211.27287245565
1.500383832E9	326.06984853437945	0.0
1.500404725E9	328.69945355191254	0.0
1.5004237005E9	317.3273084479371	455211.27287245565
1.50045972E9	323.9591820622138	0.0
1.500497618E9	323.43454545454546	0.0
1.5005354845E9	321.96256684491976	455211.27287245565
1.5005733095E9	322.42406542056074	0.0
1.500611102E9	323.1184417507171	0.0
1.5006488865E9	324.0129769299024	455211.27287245565
1.500686649E9	327.3045184437717	0.0
1.5007243605E9	307.3685092127303	0.0
1.5007620315E9	304.59010054137667	455211.27287245565
1.500799694E9	320.9265306122449	0.0
1.5008373425E9	321.67829349638686	0.0
1.500874906E9	325.2692390834414	455211.27287245565
1.5009123875E9	324.1397473797366	0.0
1.500949841E9	323.9097283085013	0.0
1.5009872685E9	323.23444976076553	455211.27287245565
1.5010246615E9	326.14300531570075	0.0
1.501061985E9	325.5670018130872	0.0
1.501099249E9	324.78648068669526	455211.27287245565
1.501136492E9	321.6572312628925	0.0
1.5011737215E9	322.7905953991881	0.0
1.501210923E9	319.2402263374486	455211.27287245565
1.50124809E9	326.0101000384763	0.0
1.501285215E9	322.44269911504426	0.0
1.501322307E9	322.18412620162684	455211.27287245565
1.501359365E9	320.72084086799276	0.0
1.5013963865E9	323.6944609886837	0.0
1.501433386E9	323.47369418902264	455211.27287245565
1.501470374E9	317.3980263157895	0.0
1.501507337E9	321.7238588539981	0.0
1.5015442575E9	323.28455199749664	455211.27287245565
1.501581157E9	324.9388509998844	0.0
1.50161803E9	323.0522991908427	0.0
1.5016548745E9	325.6335580912863	455211.27287245565
1.501691682E9	328.35433567694247	0.0
1.5017284435E9	324.20191599115697	0.0
1.5017651905E9	322.4076350313202	455211.27287245565
1.5018019355E9	323.3826186392224	0.0
1.50183864E9	324.20196374622356	0.0
1.501875296E9	321.99845679012344	455211.27287245565
1.5019119385E9	305.6294896030246	0.0
1.50194856E9	329.73611781747945	0.0
1.5019851445E9	323.9545868427043	455211.27287245565
1.5020216985E9	324.0781859677538	0.0
1.5020582315E9	325.9573064908018	0.0
1.5020947095E9	323.6979826527629	455211.27287245565
1.502131142E9	316.0529986052999	0.0
1.502167522E9	344.4657083803082	0.0
1.5022038415E9	331.2045325779037	455211.27287245565
1.502240145E9	312.7928026172301	0.0
1.502276441E9	325.01550940369015	0.0
1.50231273E9	318.870753323486	455211.27287245565
1.502348999E9	323.49905695963787	0.0
1.502385245E9	327.5874591312471	0.0
1.5024214795E9	322.32541470407534	455211.27287245565
1.5024577025E9	326.530218384967	0.0
1.5024938985E9	331.93285037614936	0.0
1.502530033E9	324.8266169154229	455211.27287245565
1.5025661175E9	324.02769941010513	0.0
1.502602189E9	323.5552137127788	0.0
1.502638249E9	323.1006534965823	455211.27287245565
1.5026742875E9	321.4011317704123	0.0
1.5027103025E9	323.3915509777579	0.0
1.502746294E9	323.16583471991123	455211.27287245565
1.502782259E9	321.9988644106291	0.0
1.5028181925E9	301.5275175644028	0.0
1.502854099E9	321.44866612772836	455211.27287245565
1.5028899725E9	325.58869013271783	0.0
1.502925804E9	295.6149825783972	0.0
1.502961606E9	320.4134194395797	455211.27287245565
1.5029973855E9	324.14334424440807	0.0
1.5030331325E9	325.39153758972424	0.0
1.5030688485E9	322.89245810055866	455211.27287245565
1.503104555E9	322.35694660136187	0.0
1.503140255E9	322.49235334398537	0.0
1.503175928E9	324.9127464157706	455211.27287245565
1.5032115695E9	322.19237871411787	0.0
1.5032471955E9	309.0843373493976	0.0
1.5032828015E9	321.4443864229765	455211.27287245565
1.50331836E9	324.6979315603851	0.0
1.50335387E9	332.257841573631	0.0
1.5033893295E9	324.2664718384697	455211.27287245565
1.5034247285E9	323.0247575584712	0.0
1.503460104E9	316.6099333737129	0.0
1.503495445E9	326.06780495813496	455211.27287245565
1.503530724E9	311.6538922155689	0.0
1.5035659405E9	326.0401662049861	0.0
1.5036011195E9	324.29134792930626	455211.27287245565
1.503636254E9	303.38168316831684	0.0
1.503671334E9	319.6977333011816	0.0
1.5037063995E9	323.7044770321453	455211.27287245565
1.503741444E9	319.6642489024623	0.0
1.503776449E9	323.7689352360044	0.0
1.5038114115E9	324.01449489720454	455211.27287245565
1.503846299E9	323.7256692259805	0.0
1.503881127E9	289.9646464646465	0.0
1.5039159195E9	323.5839404241541	455211.27287245565
1.5039506705E9	316.804	0.0
1.5039854075E9	324.3920569057498	0.0
1.504020135E9	316.0025201612903	455211.27287245565
1.504054837E9	320.0625	0.0
1.5040894825E9	318.2315436241611	0.0
1.5041240685E9	315.21795209265593	455211.27287245565
1.5041586215E9	318.212558192347	0.0
1.5041931505E9	323.62925392670155	0.0
1.504227663E9	318.206993006993	455211.27287245565
1.504262158E9	324.6534837015294	0.0
1.5042966265E9	325.02607797572944	0.0
1.5043310615E9	323.6988576139442	455211.27287245565
1.504365423E9	323.66126210194795	0.0
1.504399667E9	330.1243298969072	0.0
1.504433829E9	314.27899343544857	455211.27287245565
1.504467965E9	325.7289619612803	0.0
1.504502076E9	324.76146788990826	0.0
1.504536103E9	319.60686015831135	455211.27287245565
1.504570051E9	311.0123546511628	0.0
1.5046039705E9	321.65859104610917	0.0
1.5046378695E9	325.5326835991337	455211.27287245565
1.504671739E9	324.338895173454	0.0
1.5047055835E9	323.2199004975124	0.0
1.5047394045E9	324.8524533912845	455211.27287245565
1.504773183E9	306.62988505747126	0.0
1.504806934E9	297.9475920679887	0.0
1.5048406455E9	313.24716981132076	455211.27287245565
1.5048743225E9	326.542303030303	0.0
1.5049079935E9	323.2702563441968	0.0
1.5049416565E9	313.6294117647059	455211.27287245565
1.504975286E9	323.3581948385353	0.0
1.505008816E9	311.06603301650824	0.0
1.5050422405E9	325.873119801805	455211.27287245565
1.5050756215E9	308.94565217391306	0.0
1.505108884E9	326.0968152866242	0.0
1.5051420155E9	323.679674796748	455211.27287245565
1.5051750625E9	324.735632183908	0.0
1.5052080455E9	317.5421511627907	0.0
1.5052410265E9	325.3523968165834	455211.27287245565
1.5052739805E9	326.27883428006913	0.0
1.5053068895E9	322.1341359601119	0.0
1.505339751E9	325.9313890446812	455211.27287245565
1.505372562E9	323.80914217868803	0.0
1.5054053465E9	324.96649791542586	0.0
1.5054381255E9	331.6310474616726	455211.27287245565
1.5054708915E9	324.6608744923978	0.0
1.505503631E9	325.0146569960713	0.0
1.5055363455E9	323.36147399556324	455211.27287245565
1.505566577E9	323.42075633337413	0.0
1.5055829115E9	349.7956590788777	0.0
1.505601684E9	323.9604798214618	455211.27287245565
1.5056343185E9	302.08637577916295	0.0
1.5056669395E9	321.0651361452216	0.0
1.5056995295E9	318.2253121452894	455211.27287245565
1.505732098E9	326.64491702916064	0.0
1.5057646435E9	319.9916666666667	0.0
1.505797145E9	324.4067301782422	455211.27287245565
1.505829621E9	324.6612377850163	0.0
1.5058620535E9	326.6849335523369	0.0
1.505894386E9	326.9971382356601	455211.27287245565
1.5059266525E9	322.72478459199186	0.0
1.505958904E9	324.0052141527002	0.0
1.5059911385E9	305.97945205479454	455211.27287245565
1.5060233395E9	328.2622543120738	0.0
1.5060555175E9	328.2518624310032	0.0
1.5060876535E9	324.859778597786	455211.27287245565
1.506119743E9	321.6864406779661	0.0
1.506151819E9	324.4212249117064	0.0
1.506183868E9	324.3765172157543	455211.27287245565
1.5062158925E9	306.81115879828326	0.0
1.506247826E9	322.6809713905522	0.0
1.506279664E9	316.2496962332928	455211.27287245565
1.5063114845E9	327.92502729588745	0.0
1.506343278E9	319.94599869876384	0.0
1.5063750415E9	283.0972097209721	455211.27287245565
1.506406781E9	322.7499169159189	0.0
1.5064384905E9	324.20131356353863	0.0
1.506470146E9	322.8183296378418	455211.27287245565
1.506501692E9	323.85899675567754	0.0
1.506533151E9	325.57065830721	0.0
1.5065645925E9	324.7187417741511	455211.27287245565
1.506596023E9	322.87816572412095	0.0
1.506627442E9	312.31983805668017	0.0
1.506658755E9	320.6144040790312	455211.27287245565
1.5066899055E9	309.4376163873371	0.0
1.506720874E9	309.8989010989011	0.0
1.506751704E9	328.1108097111081	455211.27287245565
1.506782515E9	309.4862155388471	0.0
1.5068133055E9	322.3013147303461	0.0
1.506844035E9	318.3932893289329	455211.27287245565
1.50687466E9	315.1849315068493	0.0
1.5069052145E9	329.92069392812886	0.0
1.5069357535E9	322.0422361946419	455211.27287245565
1.5069662725E9	325.87384930105696	0.0
1.506996753E9	313.83261802575106	0.0
1.5070271395E9	321.73551263001485	455211.27287245565
1.5070574245E9	323.36417964505614	0.0
1.507087648E9	321.6766334440753	0.0
1.5071177755E9	321.6611088518368	455211.27287245565
1.507147721E9	323.137162954279	0.0
1.5071775345E9	324.47076886736744	0.0
1.5072073085E9	321.49078057775046	455211.27287245565
1.507237035E9	314.27884615384613	0.0
1.5072667225E9	327.585764294049	0.0
1.5072963735E9	325.6965702286514	455211.27287245565
1.5073259925E9	326.11041092293556	0.0
1.507355585E9	327.83389830508474	0.0
1.5073851135E9	323.1236758838905	455211.27287245565
1.50741454E9	322.6396177237185	0.0
1.507443907E9	315.36672967863893	0.0
1.5074732345E9	316.8705882352941	455211.27287245565
1.5075025255E9	323.80538377591853	0.0
1.5075318105E9	318.5693693693694	0.0
1.507561084E9	324.5298626636857	455211.27287245565
1.507590314E9	322.75590219224284	0.0
1.5076195035E9	325.8706666666667	0.0
1.507648598E9	324.40907780979825	455211.27287245565
1.5076775175E9	317.3524672708963	0.0
1.507706322E9	324.58832116788324	0.0
1.5077350905E9	321.9287651677373	455211.27287245565
1.507763837E9	322.511877317831	0.0
1.5077925115E9	315.5335797905114	0.0
1.50782111E9	310.40595903165735	455211.27287245565
1.5078496685E9	300.11897106109325	0.0
1.5078781985E9	326.9804293851322	0.0
1.507906689E9	321.0819165378671	455211.27287245565
1.5079351245E9	321.3425963216539	0.0
1.5079634975E9	305.48590021691973	0.0
1.5079918035E9	323.121840915137	455211.27287245565
1.5080200785E9	315.6894273127753	0.0
1.508048329E9	325.67475177304965	0.0
1.508076506E9	296.17252396166134	455211.27287245565
1.508104629E9	327.7307455329636	0.0
1.508132657E9	314.17147856517937	0.0
1.508160574E9	313.94620253164555	455211.27287245565
1.5081884185E9	322.5887372013652	0.0
1.50821617E9	321.78605504587154	0.0
1.5082438665E9	308.8150510204082	455211.27287245565
1.508271512E9	323.3367571533382	0.0
1.5082991E9	324.5208402249421	0.0
1.5083265915E9	323.97233201581025	455211.27287245565
1.508354007E9	322.9186186186186	0.0
1.5083813975E9	317.22330097087377	0.0
1.508408744E9	322.7563387175722	455211.27287245565
1.5084360505E9	303.8395245170877	0.0
1.508463327E9	323.2005547850208	0.0
1.5084905655E9	310.9811114152751	455211.27287245565
1.50851775E9	306.47005988023955	0.0
1.5085448665E9	323.07960199004975	0.0
1.5085718775E9	308.44348975545273	455211.27287245565
1.508598808E9	323.98684678279415	0.0
1.5086257175E9	323.4472594008923	0.0
1.5086525355E9	313.08997429305913	455211.27287245565
1.508679233E9	324.23392612859095	0.0
1.5087058445E9	317.6414974619289	0.0
1.508732393E9	322.76135984890567	455211.27287245565
1.508758876E9	316.4557356608479	0.0
1.5087851315E9	321.11465866995945	0.0
1.5088111715E9	323.39773242630383	455211.27287245565
1.5088371435E9	320.39684210526315	0.0
1.5088630485E9	317.1142857142857	0.0
1.5088889005E9	322.39729837107666	455211.27287245565
1.508914519E9	316.1857923497268	0.0
1.5089397605E9	316.9922480620155	0.0
1.508964792E9	306.78163265306125	455211.27287245565
1.5089897535E9	328.1221515089304	0.0
1.5090146965E9	319.9582089552239	0.0
1.5090395665E9	304.8556701030928	455211.27287245565
1.5090643255E9	296.6503067484663	0.0
1.509089005E9	326.49493705528187	0.0
1.5091136205E9	316.51443569553805	455211.27287245565
1.509138154E9	326.2266743815999	0.0
1.509162569E9	321.49238182054955	0.0
1.5091868865E9	322.9034617259873	455211.27287245565
1.509211163E9	321.82536447719076	0.0
1.509235372E9	328.0039349871685	0.0
1.50925949E9	320.7204936554841	455211.27287245565
1.509283547E9	323.3124165554072	0.0
1.509307566E9	323.6470588235294	0.0
1.5093315725E9	302.89276485788116	455211.27287245565
1.509355526E9	322.8032236400269	0.0
1.5093793655E9	297.332	0.0
1.509403033E9	314.2687007874016	455211.27287245565
1.509426582E9	282.3525114155251	0.0
1.509450097E9	311.8927152317881	0.0
1.509473389E9	320.5171703296703	455211.27287245565
1.50949646E9	325.571988595866	0.0
1.5095194575E9	325.7542492917847	0.0
1.509542382E9	313.88085106382977	455211.27287245565
1.5095652555E9	323.0935271530444	0.0
1.5095880415E9	319.8968166849616	0.0
1.509610702E9	314.2	455211.27287245565
1.509633261E9	317.25744308231174	0.0
1.5096556815E9	323.15384615384613	0.0
1.5096777265E9	318.41984231274637	455211.27287245565
1.5096994395E9	323.506175259753	0.0
1.5097210525E9	324.1045218680504	0.0
1.5097426285E9	324.4158584534731	455211.27287245565
1.5097642005E9	315.8954954954955	0.0
1.509785745E9	302.0014471780029	0.0
1.509807233E9	319.54545454545456	455211.27287245565
1.5098286475E9	325.0172071475844	0.0
1.5098498425E9	317.9186189889026	0.0
1.5098707615E9	317.59952606635073	455211.27287245565
1.5098914185E9	329.6592	0.0
1.509911901E9	312.03221476510066	0.0
1.509932343E9	327.3438697318008	455211.27287245565
1.5099521495E9	329.22965205788773	0.0
1.509971254E9	318.2298245614035	0.0
1.509990083E9	309.96363636363634	455211.27287245565
1.5100085245E9	325.46724890829694	0.0
1.5100265955E9	321.2789598108747	0.0
1.5100444465E9	320.77592592592595	455211.27287245565
1.5100622275E9	314.8233046800382	0.0
1.510079773E9	317.66204506065856	0.0
1.5100969345E9	300.06231454005933	455211.27287245565
1.51011384E9	314.0850661625709	0.0
1.510130501E9	324.24955489614246	0.0
1.5101463325E9	316.9431486880466	455211.27287245565
1.5101613985E9	320.19718309859155	0.0
1.5101762635E9	319.749430523918	0.0
1.5101909225E9	320.31869918699186	455211.27287245565
1.5102053285E9	308.8382838283828	0.0
1.5102194025E9	323.33503836317135	0.0
1.510233273E9	328.14900662251654	455211.27287245565
1.5102466855E9	324.18101545253865	0.0
1.510259005E9	304.69117647058823	0.0
1.510270233E9	307.3809523809524	455211.27287245565
1.510279609E9	0.0	0.0
1.5102840825E9	226.0	0.0
1.5105194275E9	8423.706961067912	455211.27287245565
1.5133411805E9	10187.588441673899	0.0
1.5185149965E9	8026.458234963463	0.0
1.5236888125E9	10095.334447758523	455211.27287245565
1.5288626285E9	10119.253311891964	0.0
1.5340364445E9	5712.407738766508	0.0
1.5392102605E9	11731.822804123827	455211.27287245565
1.5443840765E9	10470.799268570705	0.0
1.5495578925E9	4337.86864044245	0.0
1.5547317085E9	12023.82498779563	455211.27287245565
1.5599055245E9	15623.624454533156	0.0
1.5650793405E9	8629.920841108764	0.0
1.5702531565E9	5502.0377546232885	455211.27287245565
1.5754269725E9	4978.639145508903	0.0
1.5806007885E9	22046.6805073178	0.0
1.5857746045E9	5451.785187235679	455211.27287245565
1.5909484205E9	29196.338802517996	0.0
1.5961222365E9	5345.732598446423	0.0
1.6012960525E9	6822.631799753001	455211.27287245565
1.6064698685E9	9428.030497156993	0.0
1.6116436845E9	10801.536996999035	0.0
1.6168175005E9	5387.212579909319	455211.27287245565
1.6219913165E9	5741.742610579275	0.0
1.6271651325E9	10602.336712118642	0.0
1.6323389485E9	1573.951555012193	455211.27287245565
1.6375127645E9	2104.507125095976	0.0
1.6426865805E9	3656.280956515888	0.0
1.6478603965E9	3464.692382727447	455211.27287245565
1.6530342125E9	2042.8526052173045	0.0
1.6582080285E9	2318.0229322242726	0.0
1.6633818445E9	872.1336318693129	455211.27287245565
1.6685556605E9	1170.6570389487295	0.0
1.6737294765E9	1894.0640871830303	0.0
1.6789032925E9	1325.9478954703293	455211.27287245565
1.6840771085E9	874.7161626814211	0.0
1.6892509245E9	679.2347659500965	0.0
1.6944247405E9	743.208745847557	455211.27287245565
1.6995985565E9	505.32404953935617	0.0
1.7047723725E9	620.4080665200551	0.0
1.7099461885E9	582.7326942503514	455211.27287245565
1.7151200045E9	488.3466065747614	0.0
1.7202938205E9	372.76770115649606	0.0
1.7254676365E9	321.66330742428306	455211.27287245565
1.7306414525E9	332.133861195802	0.0
1.7351936765E9	324.59794711037625	0.0
1.7377805845E9	7948.549865229111	455211.27287245565
1.7409890845E9	12119.34753948121	0.0
1.7461629005E9	31629.502439893335	0.0
1.7513367165E9	7650.837057099673	455211.27287245565
1.7565105325E9	7906.524193822516	0.0
1.7616843485E9	9729.660237729957	0.0
1.7668581645E9	7022.713555061343	455211.27287245565
1.7720319805E9	9556.094100604485	0.0
1.7772057965E9	10097.752509566131	0.0
1.7823796125E9	7500.561465903369	455211.27287245565
1.7875534285E9	12698.214834879835	0.0
1.7927272445E9	10684.058749215765	0.0
1.7979010605E9	6255.9137767346965	455211.27287245565
1.8030748765E9	6896.387312812853	0.0
1.8082486925E9	9509.324578201751	0.0
1.8134225085E9	14914.817241615556	455211.27287245565
1.8185963245E9	13584.271576521323	0.0
1.8237701405E9	9514.067488162473	0.0
1.8289439565E9	8410.444873299351	455211.27287245565
1.8341177725E9	4430.550957554206	0.0
1.8392915885E9	7102.5613279325125	0.0
1.8444654045E9	10303.373094633767	455211.27287245565
1.8496392205E9	8620.2116815414	0.0
1.8548130365E9	3270.0833246474185	0.0
1.8599868525E9	6865.196164211312	455211.27287245565
1.8651606685E9	4385.239213671247	0.0
1.8703344845E9	3226.9814018760617	0.0
1.8755083005E9	2856.6434290241677	455211.27287245565
1.8806821165E9	23451.112009167613	0.0
1.8858559325E9	4964.113323181895	0.0
1.8910297485E9	2817.6976813806937	455211.27287245565
1.8962035645E9	3837.342844100823	0.0
1.9013773805E9	765.7702240311195	0.0
1.9065511965E9	1673.9231968268327	455211.27287245565
1.9117250125E9	3085.4704994412446	0.0
1.9168988285E9	1196.6453100154274	0.0
1.9220726445E9	1556.1512156291494	455211.27287245565
1.9272464605E9	3528.8262280103168	0.0
1.9324202765E9	704.6741756167862	0.0
1.9375940925E9	692.7389441660175	455211.27287245565
1.9427679085E9	513.9381988998654	0.0
1.9479417245E9	770.5636638993127	0.0
1.9531155405E9	675.6797075925305	455211.27287245565
1.9582893565E9	1643.7755861108371	0.0
1.9634631725E9	551.9473106282511	0.0
1.9686369885E9	749.774779448091	455211.27287245565
1.9738108045E9	548.9977451978723	0.0
1.9789846205E9	376.31700487737027	0.0
1.9841584365E9	664.2731249479997	455211.27287245565
1.9893322525E9	329.5192023313802	0.0
1.9945060685E9	321.4635098647557	0.0
1.9996798845E9	353.7026527287624	455211.27287245565
2.0048537005E9	321.5110538658542	0.0
2.0087998005E9	321.9537405511339	0.0
2.0113867085E9	336.7653053554403	455211.27287245565
2.012707285E9	326.19313735857037	0.0
2.0133237175E9	353.67937543111555	0.0
2.0142256065E9	304.61097819211835	455211.27287245565
2.014882626E9	317.24170587884925	0.0
2.0154317445E9	280.7813563345731	0.0
2.0159671605E9	293.86662138864216	455211.27287245565
2.0164471485E9	303.39534300195714	0.0
2.016867562E9	302.14017895185344	0.0
2.0172763385E9	297.74744118750334	455211.27287245565
2.017633965E9	299.0529051276084	0.0
2.0178137045E9	292.7359659310879	0.0
2.018017881E9	297.2311550376162	455211.27287245565
2.018372564E9	302.35095726394405	0.0
2.0187244125E9	300.1192168518997	0.0
2.019068249E9	297.7514383455139	455211.27287245565
2.0194017395E9	308.99416720674014	0.0
2.0197293045E9	299.1285065853114	0.0
2.0200521545E9	302.1297001941189	455211.27287245565
2.0203676775E9	304.9273707173104	0.0
2.0206731925E9	316.8123707463809	0.0
2.020965542E9	311.2867939538584	455211.27287245565
2.021247741E9	311.2093862815884	0.0
2.021528993E9	301.4940540165725	0.0
2.0218100865E9	301.84689407788085	455211.27287245565
2.022087393E9	313.8941256830601	0.0
2.0223603915E9	318.5621222038271	0.0
2.022632681E9	306.3976872800402	455211.27287245565
2.0228654175E9	319.910154572778	0.0
2.0229999175E9	314.4355505449079	0.0
2.0231705325E9	295.8582195795997	455211.27287245565
2.0234354265E9	295.568368712947	0.0
2.0236989015E9	295.70112471055245	0.0
2.023956802E9	295.8793420246741	455211.27287245565
2.0242093675E9	320.29585798816566	0.0
2.024458086E9	299.5068248140827	0.0
2.0247029895E9	315.54703542688003	455211.27287245565
2.024945864E9	277.6827794561934	0.0
2.0251865415E9	310.03680262541025	0.0
2.0254252815E9	295.19727130395887	455211.27287245565
2.025662492E9	315.5598510882016	0.0
2.0258991385E9	301.5170973062122	0.0
2.0261344615E9	298.25652811735944	455211.27287245565
2.026367172E9	301.02155873043034	0.0
2.0265980485E9	300.1737585502354	0.0
2.0268285295E9	304.05451241671716	455211.27287245565
2.0270544955E9	326.499492662395	0.0
2.027275914E9	323.12853551225646	0.0
2.0274943025E9	303.7737351340456	455211.27287245565
2.0277095315E9	300.2020869565217	0.0
2.027923316E9	290.6284841075795	0.0
2.02808275E9	314.7924119241192	455211.27287245565
2.028188811E9	315.46598434677907	0.0
2.0283471585E9	307.47360672975816	0.0
2.0285549325E9	299.5506564280406	455211.27287245565
2.028757275E9	300.0729166666667	0.0
2.028956563E9	314.1148124191462	0.0
2.029154291E9	296.2179357450038	455211.27287245565
2.0293509875E9	297.52384414073856	0.0
2.0295467625E9	311.2127216991461	0.0
2.02973806E9	312.2165898617512	455211.27287245565
2.029924572E9	307.04692165505475	0.0
2.0301099805E9	310.9305340787439	0.0
2.0302952755E9	308.03696591454633	455211.27287245565
2.030479792E9	301.28543229372286	0.0
2.030663529E9	301.07143663243426	0.0
2.030846841E9	295.833587398374	455211.27287245565
2.031029411E9	289.0397133730467	0.0
2.031211115E9	301.23729694606885	0.0
2.0313922435E9	300.3277771369247	455211.27287245565
2.031572786E9	297.77849549185845	0.0
2.0317516215E9	293.5529050197571	0.0
2.031928838E9	304.2723959557959	455211.27287245565
2.0321052615E9	294.3414491908442	0.0
2.032281231E9	311.823105971206	0.0
2.032455646E9	300.15769974226805	455211.27287245565
2.032628276E9	299.09116409537165	0.0
2.032800128E9	323.4735186815952	0.0
2.032971301E9	307.9566022757343	455211.27287245565
2.033142066E9	304.1276063386155	0.0
2.033268507E9	316.8725782414307	0.0
2.0333531555E9	295.7452631578947	455211.27287245565
2.0334809135E9	315.4706969664021	0.0
2.0336480925E9	293.68486558247594	0.0
2.0338128535E9	298.2125195618153	455211.27287245565
2.0339761425E9	301.41462076532713	0.0
2.0341380805E9	301.2171731251742	0.0
2.034298919E9	295.73911636187086	455211.27287245565
2.0344586595E9	299.3035244608101	0.0
2.0346173075E9	324.52372628989446	0.0
2.0347746535E9	289.17898832684824	455211.27287245565
2.034930657E9	317.3510537307765	0.0
2.035085928E9	327.1337760910816	0.0
2.0352402435E9	302.83073599753124	455211.27287245565
2.035392005E9	323.92878245995956	0.0
2.035541193E9	305.5612153708668	0.0
2.035689646E9	305.9609451919921	455211.27287245565
2.0358375185E9	297.646509419028	0.0
2.0359837345E9	300.4241649112248	0.0
2.036128546E9	299.3280518545193	455211.27287245565
2.0362729875E9	325.2026137195045	0.0
2.036416787E9	303.1321075401731	0.0
2.0365600645E9	324.9253061117928	455211.27287245565
2.036702872E9	295.3829650289637	0.0
2.036845241E9	304.73760740251157	0.0
2.0369851555E9	297.8632558139535	455211.27287245565
2.037122733E9	290.6284213876512	0.0
2.037259843E9	298.8281840027463	0.0
2.037396497E9	304.22143698468784	455211.27287245565
2.0375330955E9	298.2797752808989	0.0
2.0376694145E9	306.62814814814817	0.0
2.0378054315E9	305.3907731875904	455211.27287245565
2.0379412555E9	316.0390866076939	0.0
2.038076349E9	308.5824381130313	0.0
2.0382095985E9	324.69323351940886	455211.27287245565
2.0383415415E9	295.7062036675771	0.0
2.0384454925E9	327.9564419570154	0.0
2.0385109815E9	327.41053256058046	455211.27287245565
2.038603618E9	288.6854029747492	0.0
2.038733643E9	331.44674215704475	0.0
2.0388626705E9	295.0019543973941	455211.27287245565
2.0389910665E9	305.2492405612614	0.0
2.0391193005E9	300.51582166803905	0.0
2.0392473005E9	312.69395546129374	455211.27287245565
2.039374642E9	309.50507027219356	0.0
2.039501276E9	276.45688073394496	0.0
2.0396271785E9	294.66441359152356	455211.27287245565
2.03975221E9	301.57461794019935	0.0
2.03987604E9	303.1534693877551	0.0
2.0399980765E9	305.29722589167767	455211.27287245565
2.040119332E9	323.6325305535586	0.0
2.040240472E9	301.23399377763224	0.0
2.040361422E9	307.6796182685753	455211.27287245565
2.0404819095E9	296.04518381597865	0.0
2.0406018455E9	295.92436168170474	0.0
2.0407201845E9	312.1224260576563	455211.27287245565
2.0408360875E9	328.2243836564324	0.0
2.0409509815E9	301.8790378006873	0.0
2.0410657485E9	303.57258499730165	455211.27287245565
2.041180315E9	324.545971563981	0.0
2.041294281E9	323.9410287753147	0.0
2.041407048E9	299.6248602310846	455211.27287245565
2.0415190925E9	308.0490148966843	0.0
2.0416304535E9	304.8640300230947	0.0
2.041741021E9	325.0348932160804	455211.27287245565
2.0418509485E9	324.1786390389977	0.0
2.0419598345E9	322.7476660544842	0.0
2.0420677755E9	309.03859827323515	455211.27287245565
2.042174546E9	325.95512820512823	0.0
2.042280328E9	324.1482037460339	0.0
2.0423856265E9	297.7591773551526	455211.27287245565
2.042489892E9	324.05478164259466	0.0
2.0425932815E9	289.8548307994115	0.0
2.0426964155E9	314.5600938967136	455211.27287245565
2.0427989735E9	325.6721568627451	0.0
2.042900635E9	326.20507517301724	0.0
2.0430013815E9	303.49097538742024	455211.27287245565
2.043100833E9	302.7266986612781	0.0
2.0431992955E9	331.41703662597115	0.0
2.0432976E9	318.864253968254	455211.27287245565
2.04339588E9	297.7257943457593	0.0
2.043493869E9	323.55859306982416	0.0
2.0435915755E9	289.8417882054534	455211.27287245565
2.043648872E9	327.28071379547015	0.0
2.0436976845E9	330.6110838043745	0.0
2.0437868355E9	321.9314249189609	455211.27287245565
2.0438843855E9	323.5349271003845	0.0
2.043981707E9	299.73732470334414	0.0
2.044078815E9	315.0119248826291	455211.27287245565
2.0441757205E9	283.79849726775956	0.0
2.044272411E9	289.8347007722008	0.0
2.0443688475E9	317.4897570271558	455211.27287245565
2.0444648435E9	297.38363805392004	0.0
2.0445596995E9	323.6029023746702	0.0
2.0446531425E9	312.38456284153006	455211.27287245565
2.0447458375E9	311.420278004906	0.0
2.0448380625E9	325.60054064491214	0.0
2.0449295735E9	314.5642673521851	455211.27287245565
2.0450204935E9	289.8522030117122	0.0
2.045110887E9	322.8154336135331	0.0
2.045200554E9	322.95833120824193	455211.27287245565
2.0452891795E9	325.18407794939935	0.0
2.045376969E9	311.2023435267219	0.0
2.0454646615E9	302.8663088558185	455211.27287245565
2.0455520825E9	334.7842626590385	0.0
2.045639142E9	324.328889100519	0.0
2.045726059E9	302.1707702020202	455211.27287245565
2.045812597E9	324.61830032944846	0.0
2.045898772E9	297.32350948509486	0.0
2.045984586E9	324.09133781198557	455211.27287245565
2.0460697495E9	293.80415162454875	0.0
2.0461545695E9	325.4987284659557	0.0
2.046239208E9	306.6364892881825	455211.27287245565
2.0463236285E9	325.60334238562774	0.0
2.046407633E9	318.11870503597123	0.0
2.0464910975E9	324.08451304388996	455211.27287245565
2.0465742655E9	303.9261829652997	0.0
2.046657312E9	323.49362396858317	0.0
2.046739974E9	323.36882676206983	455211.27287245565
2.0468221865E9	324.6325670310279	0.0
2.0469043015E9	329.5382317801673	0.0
2.046985793E9	325.64955040227164	455211.27287245565
2.0470664825E9	322.65230344827586	0.0
2.04714687E9	313.84936479128856	0.0
2.04722706E9	292.1956411556006	455211.27287245565
2.0473069205E9	322.3514478575621	0.0
2.0473860855E9	323.5575264442636	0.0
2.047464717E9	325.4692192466479	455211.27287245565
2.047542979E9	323.3138300859116	0.0
2.0476208505E9	317.8121816168328	0.0
2.0476985055E9	300.68796125461256	455211.27287245565
2.0477760255E9	294.1365274538902	0.0
2.0478535E9	324.2769456203191	0.0
2.04793091E9	310.0459587955626	455211.27287245565
2.0480081665E9	324.8992110453649	0.0
2.0480853045E9	297.57374100719426	0.0
2.048162422E9	324.84103194103193	455211.27287245565
2.048239398E9	304.06339285714284	0.0
2.0483161975E9	310.47230652503794	0.0
2.0483927155E9	324.3098145635459	455211.27287245565
2.048468855E9	327.6957013574661	0.0
2.0485448455E9	326.4901549386701	0.0
2.0486206495E9	296.4035453597497	455211.27287245565
2.048696086E9	297.280913126189	0.0
2.0487710125E9	324.85079182517916	0.0
2.0488197255E9	297.92763157894734	455211.27287245565
2.0488570075E9	304.94660831509844	0.0
2.0489199395E9	324.2219705549264	0.0
2.0489939725E9	323.9196395563771	455211.27287245565
2.0490679045E9	313.72497772497775	0.0
2.0491416005E9	296.8180787758572	0.0
2.049214953E9	303.57229175658176	455211.27287245565
2.0492880915E9	297.6949566160521	0.0
2.0493611205E9	324.0470384316538	0.0
2.0494340255E9	326.08754758020666	455211.27287245565
2.049506678E9	322.69127837514935	0.0
2.049578997E9	324.4744142351901	0.0
2.049651126E9	306.1194852941176	455211.27287245565
2.049723233E9	303.1435546875	0.0
2.04979512E9	355.7494895988523	0.0
2.0498666485E9	324.3191790146081	455211.27287245565
2.0499378035E9	323.2986049888503	0.0
2.050008669E9	324.60142210100815	0.0
2.0500794E9	324.2198208356825	455211.27287245565
2.0501499975E9	321.7279115824443	0.0
2.050220518E9	324.03533568904595	0.0
2.05029082E9	323.4350806451613	455211.27287245565
2.050360717E9	333.97588492455225	0.0
2.0504299665E9	316.27846889952156	0.0
2.0504987035E9	324.83568874510473	455211.27287245565
2.0505672185E9	323.55942873797727	0.0
2.050635448E9	322.8769063673802	0.0
2.0507034935E9	325.5752306823175	455211.27287245565
2.050771266E9	315.51548946716235	0.0
2.0508387725E9	323.89674023081596	0.0
2.0509061565E9	310.4282309322034	455211.27287245565
2.050973417E9	326.1611967464877	0.0
2.051040481E9	324.63505674653214	0.0
2.0511073505E9	323.3415077735406	455211.27287245565
2.0511740955E9	321.74474508686984	0.0
2.0512407225E9	319.47371495327104	0.0
2.051307197E9	327.8522378908645	455211.27287245565
2.0513735395E9	323.5101829701946	0.0
2.0514398445E9	306.3727309398951	0.0
2.051506139E9	325.1712382445141	455211.27287245565
2.0515723595E9	295.2936026936027	0.0
2.0516384915E9	323.53859289617486	0.0
2.0517045665E9	323.2157258064516	455211.27287245565
2.0517705855E9	299.93752145554413	0.0
2.0518365355E9	323.1811372760501	0.0
2.051902365E9	300.93479394887845	455211.27287245565
2.0519680565E9	308.77	0.0
2.052033518E9	308.16284558327715	0.0
2.052098713E9	304.78134823611595	455211.27287245565
2.0521637385E9	326.7108954822517	0.0
2.052228643E9	323.0285506455719	0.0
2.0522934775E9	325.85724575449484	455211.27287245565
2.052358276E9	323.8930313842569	0.0
2.0524229615E9	322.09069345611834	0.0
2.052487482E9	323.0669173907405	455211.27287245565
2.052551882E9	325.0048047223557	0.0
2.0526161995E9	323.61562519946386	0.0
2.052680475E9	325.01548098434006	455211.27287245565
2.0527447265E9	323.2743564478384	0.0
2.052808914E9	323.5357045293121	0.0
2.0528730515E9	320.5737660944206	455211.27287245565
2.052936994E9	322.8413730425056	0.0
2.053000715E9	285.52013422818794	0.0
2.0530644045E9	323.6171879858218	455211.27287245565
2.053128084E9	321.4802163678253	0.0
2.0531916775E9	323.36183561257576	0.0
2.0532551615E9	322.8441327403353	455211.27287245565
2.053318587E9	324.9689963983257	0.0
2.0533819555E9	322.47986769289486	0.0
2.053445288E9	325.13641748238666	455211.27287245565
2.0535085465E9	322.89662655356085	0.0
2.053571685E9	324.76058345209157	0.0
2.0536343475E9	324.46979533450707	455211.27287245565
2.053696563E9	297.4497082046001	0.0
2.053758747E9	324.50233132970055	0.0
2.053820909E9	323.9846010494826	455211.27287245565
2.053883043E9	322.94395669681165	0.0
2.0539451025E9	323.8830489818382	0.0
2.0539905275E9	322.5356113627007	455211.27287245565
2.0540215E9	324.41288363171356	0.0
2.0540690195E9	323.1127469972879	0.0
2.0541309245E9	326.79506918729294	455211.27287245565
2.0541927765E9	307.6477987421384	0.0
2.054254593E9	321.5797151389846	0.0
2.0543163305E9	324.33443472627147	455211.27287245565
2.054377981E9	294.8440962934658	0.0
2.0544395975E9	311.64387271496275	0.0
2.054501172E9	321.26765015806114	455211.27287245565
2.054562708E9	323.9125437611467	0.0
2.0546242315E9	322.4505759651308	0.0
2.0546856965E9	316.802590266876	455211.27287245565
2.0547470465E9	325.5684048379735	0.0
2.054808291E9	321.196261682243	0.0
2.0548694895E9	327.67431141591146	455211.27287245565
2.054930601E9	322.87576473859843	0.0
2.0549916175E9	295.5513535031847	0.0
2.0550526065E9	323.3744889615699	455211.27287245565
2.0551135575E9	324.69757696233813	0.0
2.055174465E9	294.2606565409113	0.0
2.0552353545E9	303.80882889456404	455211.27287245565
2.055296134E9	324.8099486521181	0.0
2.0553566525E9	334.396083385976	0.0
2.055417009E9	304.6713841905419	455211.27287245565
2.0554771825E9	305.255871886121	0.0
2.0555371745E9	339.27367280606717	0.0
2.055597057E9	323.38123359580055	455211.27287245565
2.055656832E9	325.5922270203578	0.0
2.055716482E9	327.76665954720204	0.0
2.0557759925E9	323.55872483221475	455211.27287245565
2.055835433E9	298.4914723285764	0.0
2.055894771E9	310.8798735511064	0.0
2.0559540215E9	327.6082609689214	455211.27287245565
2.0560130765E9	298.20384917517674	0.0
2.0560719645E9	340.7619732489573	0.0
2.056130841E9	325.58424418604653	455211.27287245565
2.0561896915E9	326.8342024334804	0.0
2.056248521E9	323.0100673423577	0.0
2.056307024E9	323.4571926765475	455211.27287245565
2.0563651135E9	325.45301804604856	0.0
2.056423004E9	321.1291629527591	0.0
2.056480485E9	323.42429356736426	455211.27287245565
2.056537637E9	289.90267857142857	0.0
2.0565947405E9	323.8188993327115	0.0
2.0566517835E9	302.6299422478898	455211.27287245565
2.0567087165E9	323.7044646384828	0.0
2.056765451E9	325.3872702823846	0.0
2.056821998E9	323.50212117915805	455211.27287245565
2.0568784445E9	325.30548414738644	0.0
2.056934791E9	323.6774553053169	0.0
2.0569910545E9	307.02124833997345	455211.27287245565
2.0570472855E9	319.78732702112165	0.0
2.057103487E9	324.51110496090774	0.0
2.0571595855E9	323.6895785600222	455211.27287245565
2.0572155025E9	321.9632213984591	0.0
2.0572712245E9	287.1364684186261	0.0
2.057326847E9	323.8689629068887	455211.27287245565
2.0573823645E9	324.0795514811728	0.0
2.057437781E9	319.5060048038431	0.0
2.057493164E9	300.9473829963999	455211.27287245565
2.0575484995E9	337.71815821624926	0.0
2.05760373E9	325.5237002453114	0.0
2.0576588685E9	324.4766648321409	455211.27287245565
2.0577139355E9	311.04517588673184	0.0
2.0577689315E9	322.2438730193541	0.0
2.0578239195E9	323.05363372093024	455211.27287245565
2.057878902E9	323.77644840366736	0.0
2.057933777E9	327.1767782426778	0.0
2.0579884845E9	322.19223907225694	455211.27287245565
2.0580431165E9	319.87655343827674	0.0
2.058097727E9	326.7437393809559	0.0
2.05815231E9	322.51819402698726	455211.27287245565
2.0582067325E9	316.94966118102616	0.0
2.058260974E9	300.77196804647787	0.0
2.058315129E9	311.6002490660025	455211.27287245565
2.0583692185E9	291.2248875562219	0.0
2.05842327E9	324.3339708785785	0.0
2.058477297E9	325.5229478292594	455211.27287245565
2.0585313105E9	322.8908013769914	0.0
2.058585287E9	323.6279232600476	0.0
2.0586391865E9	323.31424054481334	455211.27287245565
2.058693023E9	324.9952744155198	0.0
2.0587468175E9	322.6431203547561	0.0
2.0588005E9	327.4756280153053	455211.27287245565
2.0588540625E9	302.4398826979472	0.0
2.0589075495E9	325.6231884057971	0.0
2.058960981E9	322.65241004752204	455211.27287245565
2.059014389E9	324.31118196970795	0.0
2.059067673E9	305.3435218978102	0.0
2.0591208205E9	329.1203872891857	455211.27287245565
2.059163076E9	325.6086384786567	0.0
2.059189619E9	323.1380281690141	0.0
2.0592269795E9	307.52466907340556	455211.27287245565
2.059279992E9	324.5077299521744	0.0
2.0593329825E9	324.7594081942337	0.0
2.0593858185E9	321.41591974344215	455211.27287245565
2.0594384305E9	324.4581603801961	0.0
2.059490885E9	323.29177444386966	0.0
2.0595432645E9	320.52801477702525	455211.27287245565
2.0595955855E9	323.5710552883188	0.0
2.0596477675E9	323.90705251054044	0.0
2.059699862E9	310.86737400530507	455211.27287245565
2.059751948E9	323.33829192781093	0.0
2.0598040055E9	327.4370435593308	0.0
2.0598560135E9	325.2233502538071	455211.27287245565
2.0599079495E9	324.51348547717845	0.0
2.0599597635E9	324.72849687520136	0.0
2.0600113985E9	314.3815837937385	455211.27287245565
2.0600629095E9	298.78012606599924	0.0
2.0601143935E9	322.04481396308745	0.0
2.0601657865E9	324.9846061274633	455211.27287245565
2.0602169615E9	304.7827926657264	0.0
2.0602678705E9	322.7955960161843	0.0
2.0603186035E9	299.7492836676218	455211.27287245565
2.0603692295E9	324.3654912270675	0.0
2.060419725E9	310.8892058963386	0.0
2.060470132E9	326.1196452609074	455211.27287245565
2.06052038E9	323.2721289897993	0.0
2.060570481E9	322.1893782795357	0.0
2.0606204435E9	324.78402092297307	455211.27287245565
2.06067023E9	314.28125	0.0
2.06071997E9	301.2401524777637	0.0
2.060769706E9	324.90401041242984	455211.27287245565
2.060819393E9	322.51357109042135	0.0
2.060868933E9	316.6905132192846	0.0
2.060918284E9	324.25907087148187	455211.27287245565
2.0609675205E9	315.04100227790434	0.0
2.061016628E9	325.3863022756075	0.0
2.061065573E9	323.12346169114727	455211.27287245565
2.061114397E9	325.6465841850457	0.0
2.0611631105E9	323.07856056766343	0.0
2.061211492E9	323.2129550504187	455211.27287245565
2.061259497E9	312.66219839142093	0.0
2.061307319E9	320.23270536190984	0.0
2.0613550415E9	322.8337250293772	455211.27287245565
2.0614027295E9	327.73064293121325	0.0
2.061450387E9	323.1460461044646	0.0
2.061498029E9	298.94772507260404	455211.27287245565
2.0615456225E9	325.259793814433	0.0
2.061593126E9	307.9908396946565	0.0
2.061640529E9	324.8458993557374	455211.27287245565
2.061687757E9	303.41116005873715	0.0
2.0617347625E9	313.0419126328217	0.0
2.061781654E9	322.4385873347251	455211.27287245565
2.061828524E9	309.4507042253521	0.0
2.0618753855E9	325.3700105042017	0.0
2.061922146E9	326.66729021913414	455211.27287245565
2.061968779E9	301.8018728437654	0.0
2.0620153705E9	287.2716049382716	0.0
2.0620619385E9	323.3520043434983	455211.27287245565
2.0621083935E9	321.2512514128855	0.0
2.062154738E9	326.2017152045739	0.0
2.0622010015E9	325.05894428152493	455211.27287245565
2.062247173E9	325.209062386871	0.0
2.0622933155E9	322.8520192036148	0.0
2.0623394475E9	323.0389490666052	455211.27287245565
2.062385446E9	306.73647932131496	0.0
2.0624312625E9	326.38082467314786	0.0
2.062476887E9	330.88987809889056	455211.27287245565
2.0625223535E9	323.1989700675893	0.0
2.0625677955E9	326.4114940533032	0.0
2.0626131705E9	322.5979417714839	455211.27287245565
2.0626584765E9	296.29330708661416	0.0
2.0627035625E9	324.49160532627576	0.0
2.062748417E9	323.78513006167873	455211.27287245565
2.062793173E9	325.8492484526967	0.0
2.0628376835E9	320.90706150341686	0.0
2.062881954E9	308.88030059044553	455211.27287245565
2.0629261195E9	324.17724288840265	0.0
2.062970238E9	318.58236658932714	0.0
2.0630142905E9	277.18809523809523	455211.27287245565
2.0630582625E9	323.49758919961425	0.0
2.0631021875E9	322.44048307781316	0.0
2.0631460875E9	305.52039381153304	455211.27287245565
2.0631899665E9	322.8216769854009	0.0
2.0632338255E9	324.1946582163875	0.0
2.063277676E9	317.75476387738195	455211.27287245565
2.0633214535E9	322.95117920030515	0.0
2.063365083E9	327.7473531420765	0.0
2.06340861E9	323.2349463727726	455211.27287245565
2.0634520775E9	317.8612244897959	0.0
2.0634954775E9	325.21251241310824	0.0
2.063538784E9	305.074294205052	455211.27287245565
2.0635819555E9	309.7421087978509	0.0
2.063625014E9	326.1326408310028	0.0
2.0636679765E9	321.2489059080963	455211.27287245565
2.063710875E9	323.5962130541872	0.0
2.063753689E9	323.6638668295663	0.0
2.063796396E9	319.7759502923977	455211.27287245565
2.063839067E9	324.0029624466324	0.0
2.063881726E9	324.8079350766456	0.0
2.0639243715E9	324.76977290524667	455211.27287245565
2.063966989E9	324.4137783483098	0.0
2.0640095635E9	302.4848657909766	0.0
2.0640520875E9	323.3857687210073	455211.27287245565
2.064094574E9	322.37894562882167	0.0
2.0641370415E9	311.4693467336683	0.0
2.0641794945E9	321.3085574572127	455211.27287245565
2.0642218365E9	322.3026226797926	0.0
2.0642640635E9	322.5508339045008	0.0
2.0643062705E9	310.8211068211068	455211.27287245565
2.0643399765E9	322.78228388473855	0.0
2.06436102E9	314.45216049382714	0.0
2.0643904625E9	326.7541271513874	455211.27287245565
2.064432456E9	325.9632752992383	0.0
2.064474346E9	324.0639306079833	0.0
2.064516152E9	323.4465655360491	455211.27287245565
2.064557914E9	324.9538911554153	0.0
2.064599536E9	285.15969443433977	0.0
2.064641057E9	324.72463221425875	455211.27287245565
2.0646825695E9	320.6064541519087	0.0
2.064724048E9	322.1485602094241	0.0
2.064765456E9	323.9380751698632	455211.27287245565
2.0648067995E9	325.39615909329416	0.0
2.064848117E9	326.30508079552516	0.0
2.064889353E9	320.9386530946106	455211.27287245565
2.064930492E9	323.3441990886786	0.0
2.0649715775E9	320.9256555825899	0.0
2.065012547E9	323.2362979683973	455211.27287245565
2.065053387E9	324.454561042524	0.0
2.0650941705E9	304.1139015728057	0.0
2.0651348115E9	324.2520900755124	455211.27287245565
2.065175299E9	319.34868145667645	0.0
2.0652157165E9	325.380570758405	0.0
2.065256051E9	322.8436030893217	455211.27287245565
2.065296264E9	324.8210003425831	0.0
2.06533636E9	312.93987597735236	0.0
2.0653762875E9	330.43656458669125	455211.27287245565
2.065416072E9	323.7475181110813	0.0
2.0654558335E9	324.3970739748609	0.0
2.065495547E9	323.07178019461935	455211.27287245565
2.0655352215E9	323.1616926914904	0.0
2.065574844E9	316.6640141467728	0.0
2.0656143995E9	320.49577496108515	455211.27287245565
2.065653785E9	324.6620064979817	0.0
2.0656929715E9	308.34820143884895	0.0
2.065732097E9	322.15742335514983	455211.27287245565
2.065771194E9	322.70367557715673	0.0
2.0658102015E9	321.25808843978865	0.0
2.065849086E9	312.0560897435897	455211.27287245565
2.0658878885E9	301.9193989071038	0.0
2.065926599E9	326.24414270500534	0.0
2.0659651665E9	322.1543280182232	455211.27287245565
2.066003597E9	305.1721393034826	0.0
2.066041833E9	323.8769188344517	0.0
2.0660799315E9	321.82695305733586	455211.27287245565
2.066117971E9	322.7755280918573	0.0
2.066155951E9	328.2017390108946	0.0
2.0661939105E9	299.4792375765827	455211.27287245565
2.066231761E9	317.7765182186235	0.0
2.066269513E9	327.4986469726012	0.0
2.0663072395E9	324.7537717762774	455211.27287245565
2.0663449305E9	307.4323076923077	0.0
2.066382491E9	324.5635609567901	0.0
2.066419923E9	314.2732463295269	455211.27287245565
2.0664573405E9	305.80409474106784	0.0
2.066494663E9	325.6962680237489	0.0
2.0665318675E9	300.3255813953488	455211.27287245565
2.06656886E9	324.8844280043306	0.0
2.066605527E9	309.3609756097561	0.0
2.0666420115E9	321.2044198895028	455211.27287245565
2.066678418E9	324.23256043413915	0.0
2.0667146455E9	325.47084639498433	0.0
2.0667506425E9	323.4813652785701	455211.27287245565
2.066786533E9	303.1765834932821	0.0
2.06682234E9	323.65010325245225	0.0
2.0668580485E9	314.8219461697723	455211.27287245565
2.0668937175E9	318.1585535465925	0.0
2.066929375E9	321.7170683981144	0.0
2.066965002E9	322.0158910329171	455211.27287245565
2.067000607E9	321.9690851735016	0.0
2.0670361255E9	321.63728514764216	0.0
2.067071259E9	323.37537910118556	455211.27287245565
2.0671060455E9	305.945	0.0
2.0671407445E9	300.9564212611423	0.0
2.0671753685E9	323.8308157099698	455211.27287245565
2.0672098815E9	323.9825945866214	0.0
2.0672443075E9	321.728280961183	0.0
2.067278715E9	322.0767053495613	455211.27287245565
2.0673130935E9	321.8217677844544	0.0
2.067347425E9	325.77523514011443	0.0
2.067381705E9	315.61343612334804	455211.27287245565
2.067415802E9	325.2246960095907	0.0
2.06744974E9	307.5323529411765	0.0
2.067483567E9	324.6619293293098	455211.27287245565
2.0675172065E9	322.0140599892876	0.0
2.067550754E9	302.3922155688623	0.0
2.067584073E9	304.85472972972974	455211.27287245565
2.0676169285E9	318.75340971085654	0.0
2.067649369E9	325.7004095213719	0.0
2.067681611E9	327.8864533492823	455211.27287245565
2.0677138205E9	322.1	0.0
2.0677460135E9	326.9443693872685	0.0
2.067778124E9	324.54163626889004	455211.27287245565
2.067810106E9	308.81854838709677	0.0
2.067842003E9	325.2077428630109	0.0
2.067873862E9	323.1610731303087	455211.27287245565
2.067905563E9	324.27563489533526	0.0
2.0679370935E9	295.88181296615033	0.0
2.0679685825E9	324.1717968955538	455211.27287245565
2.067999981E9	292.8506588579795	0.0
2.068031227E9	325.5783708096532	0.0
2.0680621725E9	324.0857048312376	455211.27287245565
2.0680928915E9	323.2963837321601	0.0
2.0681232945E9	325.2326558419439	0.0
2.0681533735E9	324.66799324650265	455211.27287245565
2.0681834185E9	323.49373668512993	0.0
2.068213411E9	322.86384050827036	0.0
2.068243323E9	324.8905600916774	455211.27287245565
2.0682731795E9	326.9604473540644	0.0
2.0683029755E9	302.1028684470821	0.0
2.0683327055E9	319.00285103349967	455211.27287245565
2.0683623225E9	321.2457030441085	0.0
2.0683917925E9	326.3300938707896	0.0
2.0684211705E9	322.8245492371706	455211.27287245565
2.0684504815E9	317.64781675017895	0.0
2.0684796705E9	322.64356317732523	0.0
2.0685086615E9	317.94771784232364	455211.27287245565
2.0685375405E9	322.75	0.0
2.0685663755E9	321.6775956284153	0.0
2.0685951705E9	326.3165584415584	455211.27287245565
2.068623879E9	323.2494402739365	0.0
2.0686525055E9	318.1289940828402	0.0
2.068681095E9	270.18118466898954	455211.27287245565
2.068709649E9	322.3135648223268	0.0
2.068738037E9	320.2018945446245	0.0
2.0687662505E9	322.6218244803695	455211.27287245565
2.068794412E9	325.4911627906977	0.0
2.068822535E9	326.7135920737509	0.0
2.068850427E9	322.0643364433923	455211.27287245565
2.068877977E9	318.4555854643338	0.0
2.0689054085E9	319.69056974459727	0.0
2.0689326215E9	295.8498683055312	455211.27287245565
2.06895959E9	324.44926703075595	0.0
2.068986372E9	324.8321821437708	0.0
2.069012931E9	316.25621118012424	455211.27287245565
2.0690394145E9	325.937595712098	0.0
2.069065816E9	321.54614476126204	0.0
2.0690920755E9	325.5511116076416	455211.27287245565
2.0691179945E9	318.6834862385321	0.0
2.069143631E9	326.479057591623	0.0
2.069169143E9	318.6185115697311	455211.27287245565
2.0691943855E9	323.68143725120467	0.0
2.069218939E9	326.3678870754301	0.0
2.0692429175E9	321.8733896046202	455211.27287245565
2.069266664E9	303.7825443786982	0.0
2.0692895315E9	322.33219373219373	0.0
2.069311225E9	301.4791318864775	455211.27287245565
2.0693321245E9	328.0047923322684	0.0
2.069352687E9	317.3373403456048	0.0
2.069373214E9	327.8572276199659	455211.27287245565
2.069393374E9	327.4616680707666	0.0
2.069413149E9	321.4976808108572	0.0
2.069432396E9	323.8265179677819	455211.27287245565
2.069450749E9	312.71583514099785	0.0
2.069468332E9	326.4545129962868	0.0
2.0694846915E9	323.2879177377892	455211.27287245565
2.0694999495E9	298.8978260869565	0.0
2.0695119495E9	297.8567073170732	0.0
2.069520423E9	0.0	455211.27287245565
2.0695248965E9	143.16463414634146	0.0
2.0695258965E9	278.32142857142856	0.0
