#Position (bp)	mapping quality
2586908.5	42.188116823634786
7760724.5	45.14198356366717
1.29345405E7	43.665070968562276
1.81083565E7	41.94765673486233
2.32821725E7	44.918258451889
2.84559885E7	43.98215861010444
3.36298045E7	43.71507417449617
3.88036205E7	45.67477332018096
4.39774365E7	44.742358474466755
4.91512525E7	42.95494401215515
5.43250685E7	45.373340128786566
5.94988845E7	44.462229287192976
6.46727005E7	44.54110205110426
6.98465165E7	40.601970103024534
7.50203325E7	39.73873184279813
8.01941485E7	41.022557349150375
8.53679645E7	39.71963638872999
9.05417805E7	37.7360659329219
9.57155965E7	37.8399188598787
1.008894125E8	40.124748618486066
1.060632285E8	39.578429102806304
1.112370445E8	39.94466286223768
1.164108605E8	37.68243876713417
1.215846765E8	41.01814906832831
1.267584925E8	39.67686359364442
1.319323085E8	38.65677799798709
1.371061245E8	40.29461679980354
1.422799405E8	38.55954571570598
1.474537565E8	37.22073789025007
1.526275725E8	34.98209833287005
1.578013885E8	36.665750848681846
1.629752045E8	32.195991254542484
1.681490205E8	37.737199908009856
1.733228365E8	33.88497531266565
1.784966525E8	40.040960547523746
1.836704685E8	34.74150666043824
1.888442845E8	36.32529923578005
1.940181005E8	34.62328694597846
1.991919165E8	33.30531304749902
2.043657325E8	28.875390656076693
2.095395485E8	22.62859033102819
2.147133645E8	30.179187889788327
2.198871805E8	30.148033690516318
2.250609965E8	33.12244642391756
2.302348125E8	34.15282129438807
2.354086285E8	38.02195497919134
2.405824445E8	34.083284429020495
2.457562605E8	33.03457932868766
2.509300765E8	33.53718303077398
2.561038925E8	37.501024938172385
2.612777085E8	28.582503666923877
2.664515245E8	30.88336468689712
2.716253405E8	26.0278481918783
2.767991565E8	32.15420289155068
2.819729725E8	32.44980972139748
2.871467885E8	34.366772150015834
2.923206045E8	28.069482616211808
2.974944205E8	30.888515135691936
3.026682365E8	37.12528699942825
3.078420525E8	34.5550154632781
3.130158685E8	35.763207382696294
3.181896845E8	36.144850321855586
3.233635005E8	34.71148943334294
3.285373165E8	33.81024622400976
3.337111325E8	35.99730963367817
3.388849485E8	36.09151509263632
3.440587645E8	35.274262179068714
3.492325805E8	36.17328102321246
3.544063965E8	31.289965026278054
3.595802125E8	31.488868366764518
3.647540285E8	34.15467921443586
3.699278445E8	36.29553955176026
3.751016605E8	38.157909938250626
3.802754765E8	40.296849867374284
3.854492925E8	38.01390486483543
3.906231085E8	41.09223883492907
3.957969245E8	43.58812592675695
4.009707405E8	42.55140926459346
4.061445565E8	39.07020567259624
4.113183725E8	42.76077352756787
4.164921885E8	42.21533040699735
4.216660045E8	40.37972673617799
4.268398205E8	40.990830843477966
4.320136365E8	42.924019888997016
4.371874525E8	44.105782102285644
4.423612685E8	44.82403343808777
4.475350845E8	43.78971697746941
4.527089005E8	43.57388373908156
4.578827165E8	46.951361205108846
4.630565325E8	43.89753785787102
4.682303485E8	45.23437859954449
4.734041645E8	46.081525248508875
4.785779805E8	47.35324218163992
4.823234295E8	44.693810237799454
4.849103375E8	42.795340884071884
4.889256125E8	48.27860600874945
4.940994285E8	46.489411354977165
4.992732445E8	43.5825398362452
5.044470605E8	47.35144940161219
5.096208765E8	46.20698786776464
5.147946925E8	46.98814613602805
5.199685085E8	46.37484380218414
5.251423245E8	45.92005786464839
5.303161405E8	42.377729787896776
5.354899565E8	43.92739720231774
5.406637725E8	44.42519540808725
5.458375885E8	43.814591410251786
5.510114045E8	44.70573232468715
5.561852205E8	40.63074298975049
5.613590365E8	41.943917636274335
5.665328525E8	41.53972548720044
5.717066685E8	43.00102390111391
5.768804845E8	43.48550868986316
5.820543005E8	41.627595989710656
5.872281165E8	41.751346941165124
5.924019325E8	44.45492043186898
5.975757485E8	42.50842543777614
6.027495645E8	43.640565768292234
6.079233805E8	43.24098603576761
6.130971965E8	42.02920281130762
6.182710125E8	41.41646359675503
6.234448285E8	42.89154185629006
6.286186445E8	40.939618410825766
6.337924605E8	40.37683224797132
6.389662765E8	38.49425731090246
6.441400925E8	35.3797267688298
6.493139085E8	35.80344262406849
6.520379055E8	38.74456568781424
6.546248135E8	42.36475557223881
6.596615405E8	43.49293440668003
6.648353565E8	44.11024068834667
6.700091725E8	43.78190923273064
6.751829885E8	43.63727513120678
6.803568045E8	42.393748781081506
6.855306205E8	43.22059729532426
6.907044365E8	42.16486465803082
6.958782525E8	41.84255875198996
7.010520685E8	40.10083958352775
7.062258845E8	43.62641141910992
7.113997005E8	44.30612447135244
7.165735165E8	42.339138422739744
7.217473325E8	43.2029553086685
7.269211485E8	39.19432142049424
7.320949645E8	40.47371650848565
7.372687805E8	42.42924125906283
7.424425965E8	39.93190029305168
7.476164125E8	42.57625574502268
7.527902285E8	40.31064462876489
7.579640445E8	41.0722739773857
7.631378605E8	40.933566455425584
7.683116765E8	42.028976907254545
7.734854925E8	39.757000704293205
7.786593085E8	42.31970842532571
7.838331245E8	42.715051780150965
7.890069405E8	38.009715770337
7.941807565E8	41.3054774511656
7.993545725E8	40.6605514163872
8.045283885E8	43.1493577116249
8.097022045E8	43.42923144551604
8.148760205E8	41.809186696134155
8.200498365E8	44.64907536364765
8.252236525E8	38.74148649571694
8.303974685E8	40.74350177601867
8.355712845E8	39.36511270253911
8.407451005E8	42.295479672209
8.459189165E8	43.00524465043888
8.510927325E8	42.57981023629138
8.562665485E8	42.915812443192245
8.614403645E8	39.18043360858712
8.666141805E8	29.414666039303867
8.717879965E8	40.08254502009896
8.769618125E8	40.868154099207125
8.821356285E8	41.35142403576152
8.873094445E8	39.47399626905214
8.924832605E8	41.793978102637624
8.976570765E8	41.44148667376736
9.028308925E8	41.67389068812648
9.080047085E8	40.555466824950486
9.131785245E8	41.7369446492422
9.183523405E8	38.73386412593678
9.235261565E8	40.62787837494515
9.286999725E8	41.7154870794254
9.338737885E8	39.41585105093775
9.390476045E8	40.350960269138625
9.442214205E8	41.21547298707136
9.493952365E8	41.858971035914465
9.545690525E8	41.597940156286676
9.597428685E8	41.93162778918023
9.649166845E8	41.99783341137924
9.700905005E8	43.987740007228915
9.752643165E8	44.04304771163864
9.804381325E8	43.445707573560306
9.856119485E8	45.39129287402921
9.907857645E8	42.68363384540693
9.959595805E8	45.39183052635428
1.0011333965E9	42.33293839305046
1.0063072125E9	44.433980763322
1.0114810285E9	43.391379228943826
1.0166548445E9	43.15332132926726
1.0218286605E9	42.077594013231035
1.0270024765E9	43.39718467947283
1.0321762925E9	44.34921597517298
1.0373501085E9	41.97782946769886
1.0425239245E9	42.031521737602034
1.0476977405E9	42.38606541498765
1.0528715565E9	39.79434390603431
1.0580453725E9	43.79996203125676
1.0632191885E9	42.19767076133888
1.0683930045E9	43.944129462743014
1.0735668205E9	43.87137940477499
1.0787406365E9	42.16192728843164
1.0839144525E9	40.17884876275955
1.0890882685E9	40.95002914441167
1.0942620845E9	38.79010005050877
1.0994359005E9	43.925387744845345
1.1046097165E9	45.1057354218103
1.1097835325E9	44.398579770130176
1.1149573485E9	47.83678135961063
1.1181882005E9	30.82677852064847
1.1207751085E9	45.27629796418598
1.1253049805E9	46.49446377079774
1.1304787965E9	44.79894521274233
1.1356526125E9	44.080122692697714
1.1408264285E9	44.064742296571104
1.1460002445E9	44.46883043334395
1.1511740605E9	42.83222851246858
1.1563478765E9	42.290037726810034
1.1615216925E9	42.09209830406124
1.1666955085E9	41.165081770204885
1.1718693245E9	43.12416876314052
1.1770431405E9	44.16687267617117
1.1822169565E9	41.7970793031214
1.1873907725E9	43.54394158973395
1.1925645885E9	44.84330624443244
1.1977384045E9	42.37687896219933
1.2029122205E9	42.66338930675462
1.2080860365E9	41.15082946236711
1.2132598525E9	44.20554101285692
1.2184336685E9	44.32207734896122
1.2236074845E9	43.45939666091032
1.2287813005E9	45.243185282639196
1.2339551165E9	43.55746217515185
1.2391289325E9	30.47698579133592
1.2443027485E9	43.542196271915316
1.2494765645E9	42.47624051186339
1.2546503805E9	42.58354657128308
1.2598241965E9	43.72384810255587
1.2649980125E9	42.77740927872636
1.2701718285E9	40.13299202448885
1.2753456445E9	44.16340637426892
1.2805194605E9	41.211675199453005
1.2856932765E9	44.22479099850734
1.2908670925E9	40.90438742704248
1.2960409085E9	42.578423243536854
1.3012147245E9	43.68261211930211
1.3063885405E9	43.78411523871384
1.3115623565E9	43.10441002367208
1.3167361725E9	44.800675851906725
1.3219099885E9	44.098046802315174
1.3270838045E9	43.45454520062625
1.3322576205E9	43.59431645299621
1.3374314365E9	44.3339485680679
1.3426052525E9	44.89333080195501
1.3477790685E9	44.88001541135457
1.3529528845E9	44.56449196862538
1.3581267005E9	44.876158297089006
1.3633005165E9	45.39591465307665
1.3684743325E9	43.5794045697366
1.3736481485E9	44.602606819203665
1.3788219645E9	45.46700129089272
1.3839957805E9	44.82674518052049
1.3891695965E9	44.71585497567139
1.3943434125E9	45.18521520664313
1.3995172285E9	45.46591557219515
1.4046910445E9	43.97093515259058
1.4098648605E9	44.891291633662064
1.4150386765E9	44.382225804172236
1.4202124925E9	44.83661392775384
1.4253863085E9	44.12463206955745
1.4305601245E9	47.02344589209795
1.4357339405E9	47.82381021455631
1.4388118925E9	30.714332181323314
1.441065418E9	0.0
1.443161282E9	0.0
1.443735882E9	0.0
1.4442895865E9	0.0
1.444913117E9	0.0
1.4455288255E9	0.0
1.4460931365E9	0.0
1.4465982825E9	0.0
1.447080158E9	0.0
1.4475167665E9	0.0
1.447907069E9	0.0
1.4482862265E9	0.0
1.4485718975E9	0.0
1.4487481175E9	0.0
1.449001605E9	0.0
1.449343901E9	0.0
1.4496668465E9	0.0
1.449974313E9	0.0
1.4502684415E9	0.0
1.450540361E9	0.0
1.450801367E9	0.0
1.451059176E9	0.0
1.451307661E9	0.0
1.451547714E9	0.0
1.451784517E9	0.0
1.452015901E9	0.0
1.452241601E9	0.0
1.4524656315E9	0.0
1.4526889625E9	0.0
1.452904683E9	0.0
1.4531132205E9	0.0
1.4533199045E9	0.0
1.45352382E9	0.0
1.4537245535E9	0.0
1.453833122E9	0.0
1.453924137E9	0.0
1.4540967415E9	0.0
1.4542765095E9	0.0
1.454453896E9	0.0
1.454627853E9	0.0
1.454793793E9	0.0
1.454954221E9	0.0
1.455113722E9	0.0
1.4552707885E9	0.0
1.4554260495E9	0.0
1.455579934E9	0.0
1.4557323775E9	0.0
1.4558840695E9	0.0
1.4560335785E9	0.0
1.4561805565E9	0.0
1.456323842E9	0.0
1.4564639545E9	0.0
1.4566031245E9	0.0
1.4567407675E9	0.0
1.456877058E9	0.0
1.457012944E9	0.0
1.4571458465E9	0.0
1.45727575E9	0.0
1.45740535E9	0.0
1.4575345845E9	0.0
1.4576628165E9	0.0
1.457789841E9	0.0
1.457916243E9	0.0
1.4580424135E9	0.0
1.458166698E9	0.0
1.4582888625E9	0.0
1.4584101875E9	0.0
1.458530464E9	0.0
1.4586499655E9	0.0
1.458768974E9	0.0
1.4588873735E9	0.0
1.458981243E9	0.0
1.4590379465E9	0.0
1.459116151E9	0.0
1.4592278825E9	0.0
1.4593384345E9	0.0
1.45944875E9	0.0
1.4595583745E9	0.0
1.459667337E9	0.0
1.4597759645E9	0.0
1.4598837445E9	0.0
1.459990724E9	0.0
1.460095789E9	0.0
1.4601989665E9	0.0
1.460301645E9	0.0
1.460403974E9	0.0
1.4605052115E9	0.0
1.460605256E9	0.0
1.4607050395E9	0.0
1.4608042615E9	0.0
1.4609024215E9	0.0
1.4609995645E9	0.0
1.461096222E9	0.0
1.461192295E9	0.0
1.461287789E9	0.0
1.4613815225E9	0.0
1.461473124E9	0.0
1.4615641115E9	0.0
1.4616545075E9	0.0
1.461744501E9	0.0
1.461834469E9	0.0
1.461924136E9	0.0
1.462013262E9	0.0
1.4621018715E9	0.0
1.462190052E9	0.0
1.462278088E9	0.0
1.4623660525E9	0.0
1.462453646E9	0.0
1.4625403745E9	0.0
1.462626589E9	0.0
1.4627127045E9	0.0
1.4627981565E9	0.0
1.4628827705E9	0.0
1.462966956E9	0.0
1.4630510115E9	0.0
1.463134927E9	0.0
1.463218774E9	0.0
1.4633023375E9	0.0
1.46338548E9	0.0
1.463468142E9	0.0
1.4635504135E9	0.0
1.4636325945E9	0.0
1.463714703E9	0.0
1.463796391E9	0.0
1.463877603E9	0.0
1.46395871E9	0.0
1.4640394975E9	0.0
1.464119782E9	0.0
1.4641748715E9	0.0
1.4642148715E9	0.0
1.464279823E9	0.0
1.464359729E9	0.0
1.4644394325E9	0.0
1.4645190265E9	0.0
1.4645981735E9	0.0
1.464676805E9	0.0
1.4647552865E9	0.0
1.464833581E9	0.0
1.464911704E9	0.0
1.464989731E9	0.0
1.465067448E9	0.0
1.465144729E9	0.0
1.4652216595E9	0.0
1.4652981775E9	0.0
1.4653743825E9	0.0
1.4654503885E9	0.0
1.465526243E9	0.0
1.4656015175E9	0.0
1.4656759405E9	0.0
1.4657496E9	0.0
1.4658225005E9	0.0
1.465895043E9	0.0
1.4659675185E9	0.0
1.466039805E9	0.0
1.4661117355E9	0.0
1.4661832985E9	0.0
1.466254626E9	0.0
1.4663257255E9	0.0
1.466396518E9	0.0
1.4664671285E9	0.0
1.4665376735E9	0.0
1.4666082055E9	0.0
1.466678705E9	0.0
1.466748923E9	0.0
1.466818757E9	0.0
1.4668883745E9	0.0
1.466957778E9	0.0
1.467027038E9	0.0
1.4670962625E9	0.0
1.467165214E9	0.0
1.467233775E9	0.0
1.4673021245E9	0.0
1.4673703545E9	0.0
1.4674383995E9	0.0
1.4675062585E9	0.0
1.4675739715E9	0.0
1.4676414985E9	0.0
1.467708901E9	0.0
1.467776213E9	0.0
1.46784344E9	0.0
1.467910435E9	0.0
1.4679771755E9	0.0
1.468043677E9	0.0
1.4681099365E9	0.0
1.4681760955E9	0.0
1.46824219E9	0.0
1.4683081735E9	0.0
1.4683740325E9	0.0
1.468439794E9	0.0
1.46850528E9	0.0
1.468570459E9	0.0
1.468635518E9	0.0
1.4687005415E9	0.0
1.4687655415E9	0.0
1.4688305115E9	0.0
1.4688954335E9	0.0
1.4689603E9	0.0
1.4690251405E9	0.0
1.4690899665E9	0.0
1.469154765E9	0.0
1.4692194505E9	0.0
1.469283971E9	0.0
1.4693399695E9	0.0
1.469372153E9	0.0
1.469412738E9	0.0
1.4694770555E9	0.0
1.469541331E9	0.0
1.4696055825E9	0.0
1.46966977E9	0.0
1.4697338815E9	0.0
1.469797862E9	0.0
1.4698617325E9	0.0
1.4699255605E9	0.0
1.469989333E9	0.0
1.4700530585E9	0.0
1.4701167525E9	0.0
1.470180317E9	0.0
1.470243755E9	0.0
1.470307189E9	0.0
1.470370611E9	0.0
1.4704339855E9	0.0
1.470496952E9	0.0
1.4705595045E9	0.0
1.4706219125E9	0.0
1.4706842135E9	0.0
1.4707465085E9	0.0
1.47080879E9	0.0
1.4708710415E9	0.0
1.4709332695E9	0.0
1.47099544E9	0.0
1.471057448E9	0.0
1.471119294E9	0.0
1.4711810885E9	0.0
1.4712428095E9	0.0
1.4713044435E9	0.0
1.47136602E9	0.0
1.4714275425E9	0.0
1.471489006E9	0.0
1.4715503865E9	0.0
1.471611813E9	0.0
1.4716731615E9	0.0
1.471734327E9	0.0
1.471795384E9	0.0
1.4718563315E9	0.0
1.471917239E9	0.0
1.471978021E9	0.0
1.472038683E9	0.0
1.472099319E9	0.0
1.4721598115E9	0.0
1.4722201535E9	0.0
1.472280467E9	0.0
1.4723407465E9	0.0
1.4724009875E9	0.0
1.4724610955E9	0.0
1.4725209245E9	0.0
1.472580588E9	0.0
1.4726402365E9	0.0
1.472699851E9	0.0
1.47275942E9	0.0
1.4728189415E9	0.0
1.472878416E9	0.0
1.472937864E9	0.0
1.4729972445E9	0.0
1.4730564195E9	0.0
1.4731153915E9	0.0
1.4731742925E9	0.0
1.4732331755E9	0.0
1.473292052E9	0.0
1.4733508975E9	0.0
1.4734096785E9	0.0
1.473468219E9	0.0
1.473526531E9	0.0
1.47358478E9	0.0
1.473642965E9	0.0
1.473701115E9	0.0
1.473759187E9	0.0
1.4738171525E9	0.0
1.473875072E9	0.0
1.4739329595E9	0.0
1.473990813E9	0.0
1.474048623E9	0.0
1.4741063875E9	0.0
1.4741640615E9	0.0
1.474221656E9	0.0
1.4742792405E9	0.0
1.474336723E9	0.0
1.4743940615E9	0.0
1.4744512915E9	0.0
1.4745084605E9	0.0
1.4745373025E9	0.0
1.4745658825E9	0.0
1.4746227515E9	0.0
1.4746798415E9	0.0
1.474736922E9	0.0
1.4747939775E9	0.0
1.474850926E9	0.0
1.4749077785E9	0.0
1.4749645815E9	0.0
1.4750213375E9	0.0
1.475078085E9	0.0
1.475134825E9	0.0
1.475191526E9	0.0
1.475248184E9	0.0
1.475304785E9	0.0
1.475361331E9	0.0
1.475417846E9	0.0
1.4754743335E9	0.0
1.475530812E9	0.0
1.475587265E9	0.0
1.475643675E9	0.0
1.475700015E9	0.0
1.4757562905E9	0.0
1.475812363E9	0.0
1.475868203E9	0.0
1.475923985E9	0.0
1.475979756E9	0.0
1.4760355205E9	0.0
1.4760912475E9	0.0
1.4761469345E9	0.0
1.476202504E9	0.0
1.476257941E9	0.0
1.4763133535E9	0.0
1.476368758E9	0.0
1.476424068E9	0.0
1.4764792465E9	0.0
1.4765343335E9	0.0
1.476589309E9	0.0
1.4766441565E9	0.0
1.476698899E9	0.0
1.4767535E9	0.0
1.4768079975E9	0.0
1.476862488E9	0.0
1.4769169595E9	0.0
1.476971295E9	0.0
1.477025485E9	0.0
1.477079584E9	0.0
1.4771336005E9	0.0
1.4771875805E9	0.0
1.4772414615E9	0.0
1.477295249E9	0.0
1.4773490025E9	0.0
1.477402727E9	0.0
1.47745644E9	0.0
1.4775101175E9	0.0
1.47756376E9	0.0
1.4776173835E9	0.0
1.477670962E9	0.0
1.4777244945E9	0.0
1.477777974E9	0.0
1.477831364E9	0.0
1.477884697E9	0.0
1.4779380235E9	0.0
1.47799131E9	0.0
1.4780445285E9	0.0
1.478097698E9	0.0
1.4781508375E9	0.0
1.478203958E9	0.0
1.478257044E9	0.0
1.478310098E9	0.0
1.4783631485E9	0.0
1.478416185E9	0.0
1.478469181E9	0.0
1.478522147E9	0.0
1.478575098E9	0.0
1.4786279995E9	0.0
1.4786808495E9	0.0
1.478733679E9	0.0
1.478786488E9	0.0
1.4788392785E9	0.0
1.4788920575E9	0.0
1.4789447795E9	0.0
1.4789974325E9	0.0
1.4790500305E9	0.0
1.479102591E9	0.0
1.479155139E9	0.0
1.479207655E9	0.0
1.479260108E9	0.0
1.479312504E9	0.0
1.479364824E9	0.0
1.479417039E9	0.0
1.4794692055E9	0.0
1.4795213615E9	0.0
1.4795735025E9	0.0
1.47962561E9	0.0
1.479677666E9	0.0
1.4797075285E9	0.0
1.479733538E9	0.0
1.479781665E9	0.0
1.4798335805E9	0.0
1.479885453E9	0.0
1.4799372575E9	0.0
1.479989002E9	0.0
1.4800406965E9	0.0
1.4800923275E9	0.0
1.480143924E9	0.0
1.4801955155E9	0.0
1.4802471025E9	0.0
1.480298622E9	0.0
1.480350067E9	0.0
1.4804014845E9	0.0
1.4804528755E9	0.0
1.480504211E9	0.0
1.4805554605E9	0.0
1.480606667E9	0.0
1.4806578665E9	0.0
1.480709056E9	0.0
1.4807602225E9	0.0
1.480811365E9	0.0
1.4808624975E9	0.0
1.4809136255E9	0.0
1.4809647445E9	0.0
1.4810158395E9	0.0
1.4810668995E9	0.0
1.4811179405E9	0.0
1.481168939E9	0.0
1.481219894E9	0.0
1.4812708395E9	0.0
1.481321727E9	0.0
1.481372509E9	0.0
1.481423198E9	0.0
1.481473832E9	0.0
1.481524431E9	0.0
1.4815750025E9	0.0
1.481625558E9	0.0
1.481676092E9	0.0
1.4817266055E9	0.0
1.481777102E9	0.0
1.481827576E9	0.0
1.4818780295E9	0.0
1.481928471E9	0.0
1.481978899E9	0.0
1.482029302E9	0.0
1.4820796615E9	0.0
1.482129963E9	0.0
1.4821802255E9	0.0
1.4822304695E9	0.0
1.4822806935E9	0.0
1.482330906E9	0.0
1.482381076E9	0.0
1.482431195E9	0.0
1.482481296E9	0.0
1.482531365E9	0.0
1.4825813975E9	0.0
1.4826314175E9	0.0
1.4826814E9	0.0
1.482731345E9	0.0
1.4827812865E9	0.0
1.482831219E9	0.0
1.482881135E9	0.0
1.4829310385E9	0.0
1.482980926E9	0.0
1.4830307785E9	0.0
1.4830805975E9	0.0
1.4831304E9	0.0
1.48318017E9	0.0
1.483229864E9	0.0
1.4832795035E9	0.0
1.48332913E9	0.0
1.483378748E9	0.0
1.483428345E9	0.0
1.483477903E9	0.0
1.483527426E9	0.0
1.483576923E9	0.0
1.4836263665E9	0.0
1.483675744E9	0.0
1.4837250715E9	0.0
1.483774341E9	0.0
1.4838235645E9	0.0
1.4838727505E9	0.0
1.483921889E9	0.0
1.483970915E9	0.0
1.484019848E9	0.0
1.4840687615E9	0.0
1.484117657E9	0.0
1.484166493E9	0.0
1.484215264E9	0.0
1.484264022E9	0.0
1.48431274E9	0.0
1.48436142E9	0.0
1.484410068E9	0.0
1.4844586865E9	0.0
1.484507302E9	0.0
1.484555913E9	0.0
1.4846045155E9	0.0
1.484653108E9	0.0
1.484701682E9	0.0
1.484750239E9	0.0
1.4847987815E9	0.0
1.484847311E9	0.0
1.484878384E9	0.0
1.4849026435E9	0.0
1.4849443305E9	0.0
1.4849928005E9	0.0
1.485041266E9	0.0
1.4850897195E9	0.0
1.485138161E9	0.0
1.4851865935E9	0.0
1.485234967E9	0.0
1.4852832835E9	0.0
1.485331592E9	0.0
1.485379883E9	0.0
1.485428155E9	0.0
1.4854764205E9	0.0
1.485524572E9	0.0
1.4855726015E9	0.0
1.4856206075E9	0.0
1.485668588E9	0.0
1.4857165475E9	0.0
1.4857644805E9	0.0
1.485812387E9	0.0
1.485860281E9	0.0
1.4859081705E9	0.0
1.485956024E9	0.0
1.4860038335E9	0.0
1.4860516E9	0.0
1.486099321E9	0.0
1.486147028E9	0.0
1.4861947055E9	0.0
1.48624234E9	0.0
1.486289953E9	0.0
1.4863375515E9	0.0
1.486385137E9	0.0
1.486432712E9	0.0
1.4864802735E9	0.0
1.486527796E9	0.0
1.486575286E9	0.0
1.486622768E9	0.0
1.486670241E9	0.0
1.4867177115E9	0.0
1.4867651575E9	0.0
1.4868125545E9	0.0
1.486859921E9	0.0
1.4869072685E9	0.0
1.486954596E9	0.0
1.487001908E9	0.0
1.487049206E9	0.0
1.4870964905E9	0.0
1.487143726E9	0.0
1.4871909205E9	0.0
1.487238105E9	0.0
1.487285273E9	0.0
1.487332424E9	0.0
1.487379558E9	0.0
1.487426664E9	0.0
1.4874737385E9	0.0
1.487520786E9	0.0
1.487567779E9	0.0
1.487614724E9	0.0
1.487661629E9	0.0
1.4877084645E9	0.0
1.487755248E9	0.0
1.487802019E9	0.0
1.487848784E9	0.0
1.4878955195E9	0.0
1.4879422115E9	0.0
1.4879888735E9	0.0
1.488035506E9	0.0
1.4880821115E9	0.0
1.488128697E9	0.0
1.488175266E9	0.0
1.4882218265E9	0.0
1.4882683295E9	0.0
1.4883147695E9	0.0
1.4883611925E9	0.0
1.488407604E9	0.0
1.4884540085E9	0.0
1.4885003865E9	0.0
1.488546737E9	0.0
1.4885930695E9	0.0
1.48863937E9	0.0
1.4886856445E9	0.0
1.488731908E9	0.0
1.4887781655E9	0.0
1.4888244155E9	0.0
1.4888706345E9	0.0
1.488916806E9	0.0
1.4889629455E9	0.0
1.4890090725E9	0.0
1.4890551825E9	0.0
1.489101266E9	0.0
1.489147334E9	0.0
1.4891933915E9	0.0
1.4892394175E9	0.0
1.489285417E9	0.0
1.489331415E9	0.0
1.4893773925E9	0.0
1.4894233285E9	0.0
1.4894692255E9	0.0
1.489515099E9	0.0
1.4895609385E9	0.0
1.489606745E9	0.0
1.4896525395E9	0.0
1.4896983265E9	0.0
1.489744104E9	0.0
1.4897898715E9	0.0
1.489835595E9	0.0
1.489881264E9	0.0
1.489926899E9	0.0
1.489972465E9	0.0
1.4900179665E9	0.0
1.4900498585E9	0.0
1.490072583E9	0.0
1.4901088415E9	0.0
1.490154196E9	0.0
1.4901995305E9	0.0
1.4902448525E9	0.0
1.490290136E9	0.0
1.4903353745E9	0.0
1.490380596E9	0.0
1.4904257875E9	0.0
1.490470894E9	0.0
1.4905159235E9	0.0
1.490560935E9	0.0
1.490605935E9	0.0
1.490650917E9	0.0
1.4906958815E9	0.0
1.490740827E9	0.0
1.4907857635E9	0.0
1.490830694E9	0.0
1.4908756115E9	0.0
1.490920494E9	0.0
1.4909653455E9	0.0
1.49101016E9	0.0
1.4910549175E9	0.0
1.4910996455E9	0.0
1.4911443615E9	0.0
1.491189058E9	0.0
1.4912337045E9	0.0
1.4912782855E9	0.0
1.491322818E9	0.0
1.4913672715E9	0.0
1.4914116605E9	0.0
1.491456035E9	0.0
1.491500398E9	0.0
1.4915447535E9	0.0
1.4915890995E9	0.0
1.4916334215E9	0.0
1.4916776985E9	0.0
1.491721914E9	0.0
1.491766067E9	0.0
1.4918101865E9	0.0
1.491854264E9	0.0
1.491898298E9	0.0
1.491942316E9	0.0
1.4919863005E9	0.0
1.4920302395E9	0.0
1.49207415E9	0.0
1.4921180345E9	0.0
1.492161899E9	0.0
1.4922056585E9	0.0
1.492249306E9	0.0
1.492292934E9	0.0
1.4923365375E9	0.0
1.4923801225E9	0.0
1.4924237025E9	0.0
1.492467267E9	0.0
1.492510817E9	0.0
1.4925543325E9	0.0
1.4925978135E9	0.0
1.4926412915E9	0.0
1.4926847455E9	0.0
1.4927281115E9	0.0
1.49277138E9	0.0
1.4928146005E9	0.0
1.492857802E9	0.0
1.4929009985E9	0.0
1.4929441855E9	0.0
1.4929873635E9	0.0
1.4930305305E9	0.0
1.493073666E9	0.0
1.493116759E9	0.0
1.493159827E9	0.0
1.493202872E9	0.0
1.4932458955E9	0.0
1.493288912E9	0.0
1.4933319135E9	0.0
1.4933748855E9	0.0
1.4934178335E9	0.0
1.49346076E9	0.0
1.4935036525E9	0.0
1.493546522E9	0.0
1.493589381E9	0.0
1.493632207E9	0.0
1.493674998E9	0.0
1.4937177775E9	0.0
1.493760539E9	0.0
1.493803277E9	0.0
1.4938459955E9	0.0
1.493888642E9	0.0
1.493931208E9	0.0
1.4939737295E9	0.0
1.494016196E9	0.0
1.4940586255E9	0.0
1.494101034E9	0.0
1.494143386E9	0.0
1.4941856805E9	0.0
1.4942279585E9	0.0
1.4942702145E9	0.0
1.494312442E9	0.0
1.4943546495E9	0.0
1.494396838E9	0.0
1.494439018E9	0.0
1.4944811245E9	0.0
1.4945231445E9	0.0
1.494565144E9	0.0
1.4946071355E9	0.0
1.4946491245E9	0.0
1.494691102E9	0.0
1.494733054E9	0.0
1.494774986E9	0.0
1.4948169115E9	0.0
1.49485879E9	0.0
1.494900609E9	0.0
1.4949424005E9	0.0
1.494984173E9	0.0
1.495025928E9	0.0
1.495067659E9	0.0
1.495109348E9	0.0
1.4951509875E9	0.0
1.495192596E9	0.0
1.4952231095E9	0.0
1.495243906E9	0.0
1.495275781E9	0.0
1.495317349E9	0.0
1.495358892E9	0.0
1.4954004145E9	0.0
1.495441905E9	0.0
1.4954833735E9	0.0
1.4955248E9	0.0
1.495566187E9	0.0
1.4956075395E9	0.0
1.495648783E9	0.0
1.4956899355E9	0.0
1.4957310675E9	0.0
1.495772172E9	0.0
1.4958132545E9	0.0
1.495854336E9	0.0
1.4958953875E9	0.0
1.4959363985E9	0.0
1.4959773835E9	0.0
1.4960183525E9	0.0
1.4960592985E9	0.0
1.4961001845E9	0.0
1.49614101E9	0.0
1.4961817895E9	0.0
1.496222536E9	0.0
1.496263254E9	0.0
1.4963039235E9	0.0
1.4963445465E9	0.0
1.496385148E9	0.0
1.4964257025E9	0.0
1.4964662115E9	0.0
1.4965067155E9	0.0
1.496547193E9	0.0
1.4965876015E9	0.0
1.49662796E9	0.0
1.496668309E9	0.0
1.4967086505E9	0.0
1.4967489645E9	0.0
1.496789165E9	0.0
1.4968292695E9	0.0
1.496869355E9	0.0
1.496909428E9	0.0
1.496949494E9	0.0
1.496989531E9	0.0
1.4970295425E9	0.0
1.497069519E9	0.0
1.4971094615E9	0.0
1.4971493925E9	0.0
1.4971892835E9	0.0
1.49722914E9	0.0
1.497268974E9	0.0
1.4973087875E9	0.0
1.4973485995E9	0.0
1.4973883985E9	0.0
1.497428166E9	0.0
1.4974679105E9	0.0
1.497507626E9	0.0
1.4975473125E9	0.0
1.4975869945E9	0.0
1.4976266755E9	0.0
1.4976663455E9	0.0
1.4977060025E9	0.0
1.497745653E9	0.0
1.497785297E9	0.0
1.49782493E9	0.0
1.497864541E9	0.0
1.4979041315E9	0.0
1.4979437065E9	0.0
1.4979832685E9	0.0
1.4980228115E9	0.0
1.4980623115E9	0.0
1.498101774E9	0.0
1.498141222E9	0.0
1.4981806635E9	0.0
1.498220084E9	0.0
1.498259483E9	0.0
1.498298856E9	0.0
1.4983381765E9	0.0
1.4983774675E9	0.0
1.4984167335E9	0.0
1.4984559575E9	0.0
1.4984951625E9	0.0
1.498534363E9	0.0
1.4985735515E9	0.0
1.4986127065E9	0.0
1.498651814E9	0.0
1.498690893E9	0.0
1.4987299515E9	0.0
1.49876899E9	0.0
1.498808022E9	0.0
1.4988470355E9	0.0
1.4988859755E9	0.0
1.498924857E9	0.0
1.498963734E9	0.0
1.499002572E9	0.0
1.499041365E9	0.0
1.499080101E9	0.0
1.499118788E9	0.0
1.4991574705E9	0.0
1.499196124E9	0.0
1.4992347455E9	0.0
1.4992733535E9	0.0
1.499311954E9	0.0
1.499350539E9	0.0
1.499389088E9	0.0
1.4994276105E9	0.0
1.499466114E9	0.0
1.499504591E9	0.0
1.499543027E9	0.0
1.4995814235E9	0.0
1.499619808E9	0.0
1.4996581885E9	0.0
1.4996965595E9	0.0
1.4997349165E9	0.0
1.499773247E9	0.0
1.4998115515E9	0.0
1.499849847E9	0.0
1.499888138E9	0.0
1.499926422E9	0.0
1.4999646995E9	0.0
1.5000029725E9	0.0
1.500041224E9	0.0
1.50007944E9	0.0
1.500117618E9	0.0
1.500155769E9	0.0
1.500193863E9	0.0
1.500231898E9	0.0
1.500269916E9	0.0
1.500307908E9	0.0
1.500345875E9	0.0
1.500383832E9	0.0
1.500404725E9	0.0
1.5004237005E9	0.0
1.50045972E9	0.0
1.500497618E9	0.0
1.5005354845E9	0.0
1.5005733095E9	0.0
1.500611102E9	0.0
1.5006488865E9	0.0
1.500686649E9	0.0
1.5007243605E9	0.0
1.5007620315E9	0.0
1.500799694E9	0.0
1.5008373425E9	0.0
1.500874906E9	0.0
1.5009123875E9	0.0
1.500949841E9	0.0
1.5009872685E9	0.0
1.5010246615E9	0.0
1.501061985E9	0.0
1.501099249E9	0.0
1.501136492E9	0.0
1.5011737215E9	0.0
1.501210923E9	0.0
1.50124809E9	0.0
1.501285215E9	0.0
1.501322307E9	0.0
1.501359365E9	0.0
1.5013963865E9	0.0
1.501433386E9	0.0
1.501470374E9	0.0
1.501507337E9	0.0
1.5015442575E9	0.0
1.501581157E9	0.0
1.50161803E9	0.0
1.5016548745E9	0.0
1.501691682E9	0.0
1.5017284435E9	0.0
1.5017651905E9	0.0
1.5018019355E9	0.0
1.50183864E9	0.0
1.501875296E9	0.0
1.5019119385E9	0.0
1.50194856E9	0.0
1.5019851445E9	0.0
1.5020216985E9	0.0
1.5020582315E9	0.0
1.5020947095E9	0.0
1.502131142E9	0.0
1.502167522E9	0.0
1.5022038415E9	0.0
1.502240145E9	0.0
1.502276441E9	0.0
1.50231273E9	0.0
1.502348999E9	0.0
1.502385245E9	0.0
1.5024214795E9	0.0
1.5024577025E9	0.0
1.5024938985E9	0.0
1.502530033E9	0.0
1.5025661175E9	0.0
1.502602189E9	0.0
1.502638249E9	0.0
1.5026742875E9	0.0
1.5027103025E9	0.0
1.502746294E9	0.0
1.502782259E9	0.0
1.5028181925E9	0.0
1.502854099E9	0.0
1.5028899725E9	0.0
1.502925804E9	0.0
1.502961606E9	0.0
1.5029973855E9	0.0
1.5030331325E9	0.0
1.5030688485E9	0.0
1.503104555E9	0.0
1.503140255E9	0.0
1.503175928E9	0.0
1.5032115695E9	0.0
1.5032471955E9	0.0
1.5032828015E9	0.0
1.50331836E9	0.0
1.50335387E9	0.0
1.5033893295E9	0.0
1.5034247285E9	0.0
1.503460104E9	0.0
1.503495445E9	0.0
1.503530724E9	0.0
1.5035659405E9	0.0
1.5036011195E9	0.0
1.503636254E9	0.0
1.503671334E9	0.0
1.5037063995E9	0.0
1.503741444E9	0.0
1.503776449E9	0.0
1.5038114115E9	0.0
1.503846299E9	0.0
1.503881127E9	0.0
1.5039159195E9	0.0
1.5039506705E9	0.0
1.5039854075E9	0.0
1.504020135E9	0.0
1.504054837E9	0.0
1.5040894825E9	0.0
1.5041240685E9	0.0
1.5041586215E9	0.0
1.5041931505E9	0.0
1.504227663E9	0.0
1.504262158E9	0.0
1.5042966265E9	0.0
1.5043310615E9	0.0
1.504365423E9	0.0
1.504399667E9	0.0
1.504433829E9	0.0
1.504467965E9	0.0
1.504502076E9	0.0
1.504536103E9	0.0
1.504570051E9	0.0
1.5046039705E9	0.0
1.5046378695E9	0.0
1.504671739E9	0.0
1.5047055835E9	0.0
1.5047394045E9	0.0
1.504773183E9	0.0
1.504806934E9	0.0
1.5048406455E9	0.0
1.5048743225E9	0.0
1.5049079935E9	0.0
1.5049416565E9	0.0
1.504975286E9	0.0
1.505008816E9	0.0
1.5050422405E9	0.0
1.5050756215E9	0.0
1.505108884E9	0.0
1.5051420155E9	0.0
1.5051750625E9	0.0
1.5052080455E9	0.0
1.5052410265E9	0.0
1.5052739805E9	0.0
1.5053068895E9	0.0
1.505339751E9	0.0
1.505372562E9	0.0
1.5054053465E9	0.0
1.5054381255E9	0.0
1.5054708915E9	0.0
1.505503631E9	0.0
1.5055363455E9	0.0
1.505566577E9	0.0
1.5055829115E9	0.0
1.505601684E9	0.0
1.5056343185E9	0.0
1.5056669395E9	0.0
1.5056995295E9	0.0
1.505732098E9	0.0
1.5057646435E9	0.0
1.505797145E9	0.0
1.505829621E9	0.0
1.5058620535E9	0.0
1.505894386E9	0.0
1.5059266525E9	0.0
1.505958904E9	0.0
1.5059911385E9	0.0
1.5060233395E9	0.0
1.5060555175E9	0.0
1.5060876535E9	0.0
1.506119743E9	0.0
1.506151819E9	0.0
1.506183868E9	0.0
1.5062158925E9	0.0
1.506247826E9	0.0
1.506279664E9	0.0
1.5063114845E9	0.0
1.506343278E9	0.0
1.5063750415E9	0.0
1.506406781E9	0.0
1.5064384905E9	0.0
1.506470146E9	0.0
1.506501692E9	0.0
1.506533151E9	0.0
1.5065645925E9	0.0
1.506596023E9	0.0
1.506627442E9	0.0
1.506658755E9	0.0
1.5066899055E9	0.0
1.506720874E9	0.0
1.506751704E9	0.0
1.506782515E9	0.0
1.5068133055E9	0.0
1.506844035E9	0.0
1.50687466E9	0.0
1.5069052145E9	0.0
1.5069357535E9	0.0
1.5069662725E9	0.0
1.506996753E9	0.0
1.5070271395E9	0.0
1.5070574245E9	0.0
1.507087648E9	0.0
1.5071177755E9	0.0
1.507147721E9	0.0
1.5071775345E9	0.0
1.5072073085E9	0.0
1.507237035E9	0.0
1.5072667225E9	0.0
1.5072963735E9	0.0
1.5073259925E9	0.0
1.507355585E9	0.0
1.5073851135E9	0.0
1.50741454E9	0.0
1.507443907E9	0.0
1.5074732345E9	0.0
1.5075025255E9	0.0
1.5075318105E9	0.0
1.507561084E9	0.0
1.507590314E9	0.0
1.5076195035E9	0.0
1.507648598E9	0.0
1.5076775175E9	0.0
1.507706322E9	0.0
1.5077350905E9	0.0
1.507763837E9	0.0
1.5077925115E9	0.0
1.50782111E9	0.0
1.5078496685E9	0.0
1.5078781985E9	0.0
1.507906689E9	0.0
1.5079351245E9	0.0
1.5079634975E9	0.0
1.5079918035E9	0.0
1.5080200785E9	0.0
1.508048329E9	0.0
1.508076506E9	0.0
1.508104629E9	0.0
1.508132657E9	0.0
1.508160574E9	0.0
1.5081884185E9	0.0
1.50821617E9	0.0
1.5082438665E9	0.0
1.508271512E9	0.0
1.5082991E9	0.0
1.5083265915E9	0.0
1.508354007E9	0.0
1.5083813975E9	0.0
1.508408744E9	0.0
1.5084360505E9	0.0
1.508463327E9	0.0
1.5084905655E9	0.0
1.50851775E9	0.0
1.5085448665E9	0.0
1.5085718775E9	0.0
1.508598808E9	0.0
1.5086257175E9	0.0
1.5086525355E9	0.0
1.508679233E9	0.0
1.5087058445E9	0.0
1.508732393E9	0.0
1.508758876E9	0.0
1.5087851315E9	0.0
1.5088111715E9	0.0
1.5088371435E9	0.0
1.5088630485E9	0.0
1.5088889005E9	0.0
1.508914519E9	0.0
1.5089397605E9	0.0
1.508964792E9	0.0
1.5089897535E9	0.0
1.5090146965E9	0.0
1.5090395665E9	0.0
1.5090643255E9	0.0
1.509089005E9	0.0
1.5091136205E9	0.0
1.509138154E9	0.0
1.509162569E9	0.0
1.5091868865E9	0.0
1.509211163E9	0.0
1.509235372E9	0.0
1.50925949E9	0.0
1.509283547E9	0.0
1.509307566E9	0.0
1.5093315725E9	0.0
1.509355526E9	0.0
1.5093793655E9	0.0
1.509403033E9	0.0
1.509426582E9	0.0
1.509450097E9	0.0
1.509473389E9	0.0
1.50949646E9	0.0
1.5095194575E9	0.0
1.509542382E9	0.0
1.5095652555E9	0.0
1.5095880415E9	0.0
1.509610702E9	0.0
1.509633261E9	0.0
1.5096556815E9	0.0
1.5096777265E9	0.0
1.5096994395E9	0.0
1.5097210525E9	0.0
1.5097426285E9	0.0
1.5097642005E9	0.0
1.509785745E9	0.0
1.509807233E9	0.0
1.5098286475E9	0.0
1.5098498425E9	0.0
1.5098707615E9	0.0
1.5098914185E9	0.0
1.509911901E9	0.0
1.509932343E9	0.0
1.5099521495E9	0.0
1.509971254E9	0.0
1.509990083E9	0.0
1.5100085245E9	0.0
1.5100265955E9	0.0
1.5100444465E9	0.0
1.5100622275E9	0.0
1.510079773E9	0.0
1.5100969345E9	0.0
1.51011384E9	0.0
1.510130501E9	0.0
1.5101463325E9	0.0
1.5101613985E9	0.0
1.5101762635E9	0.0
1.5101909225E9	0.0
1.5102053285E9	0.0
1.5102194025E9	0.0
1.510233273E9	0.0
1.5102466855E9	0.0
1.510259005E9	0.0
1.510270233E9	0.0
1.510279609E9	0.0
1.5102840825E9	0.0
1.5105194275E9	37.93265989079835
1.5133411805E9	33.82634557747143
1.5185149965E9	38.62503415295046
1.5236888125E9	39.47681248104643
1.5288626285E9	36.38487740013258
1.5340364445E9	35.56290966412847
1.5392102605E9	36.69947446963116
1.5443840765E9	39.056839127134516
1.5495578925E9	37.00751626045151
1.5547317085E9	34.218970291229994
1.5599055245E9	35.46948957048099
1.5650793405E9	36.25136673024721
1.5702531565E9	30.75765874120354
1.5754269725E9	39.77105702377794
1.5806007885E9	38.57318981835151
1.5857746045E9	39.885111169144466
1.5909484205E9	35.03328342637874
1.5961222365E9	38.25805484468605
1.6012960525E9	39.98664742032901
1.6064698685E9	38.30377912987221
1.6116436845E9	41.25289641737135
1.6168175005E9	36.3128024655375
1.6219913165E9	40.17560010207338
1.6271651325E9	31.455595765437153
1.6323389485E9	43.004357773331876
1.6375127645E9	34.31147806445987
1.6426865805E9	36.34257433134434
1.6478603965E9	38.2972897339077
1.6530342125E9	35.41420773065243
1.6582080285E9	38.252495360477546
1.6633818445E9	35.56170517042223
1.6685556605E9	36.662687494794305
1.6737294765E9	30.158431261043603
1.6789032925E9	37.769024472044116
1.6840771085E9	39.52793585101384
1.6892509245E9	36.92562471879604
1.6944247405E9	40.71077447233332
1.6995985565E9	34.890435240683246
1.7047723725E9	38.39441592727715
1.7099461885E9	36.55433069402275
1.7151200045E9	38.86010989119181
1.7202938205E9	36.69406464482291
1.7254676365E9	39.24336382087234
1.7306414525E9	39.77973671378834
1.7351936765E9	36.084663152653725
1.7377805845E9	19.886929476668637
1.7409890845E9	35.1501950835178
1.7461629005E9	35.14453786523018
1.7513367165E9	35.44481253979204
1.7565105325E9	37.34069397495881
1.7616843485E9	36.79561517516886
1.7668581645E9	37.65997291292056
1.7720319805E9	40.26232178926913
1.7772057965E9	36.34589715511575
1.7823796125E9	37.296472262650056
1.7875534285E9	32.59297209119873
1.7927272445E9	36.13823159996855
1.7979010605E9	37.5706048519678
1.8030748765E9	39.160091643100586
1.8082486925E9	33.32157439793979
1.8134225085E9	40.07814160640557
1.8185963245E9	39.57583116072082
1.8237701405E9	37.8521325843262
1.8289439565E9	41.077549665370384
1.8341177725E9	40.67230702812773
1.8392915885E9	38.87161766369688
1.8444654045E9	29.55999538522937
1.8496392205E9	36.377270886232964
1.8548130365E9	27.338411847391807
1.8599868525E9	40.2440407846109
1.8651606685E9	41.98869243626297
1.8703344845E9	39.61224135296446
1.8755083005E9	35.89742959752483
1.8806821165E9	36.617634657122345
1.8858559325E9	37.70578814621835
1.8910297485E9	31.1474100972831
1.8962035645E9	37.74853212806399
1.9013773805E9	22.258736686382182
1.9065511965E9	33.171590517788246
1.9117250125E9	33.993299083115204
1.9168988285E9	37.82082471933371
1.9220726445E9	34.4378541186089
1.9272464605E9	38.01395784701943
1.9324202765E9	37.79900604477918
1.9375940925E9	25.33123779131763
1.9427679085E9	33.07099193003761
1.9479417245E9	38.326833551066514
1.9531155405E9	37.20017964958113
1.9582893565E9	40.077369507045745
1.9634631725E9	38.84167771723148
1.9686369885E9	33.82824269563011
1.9738108045E9	38.06037685420177
1.9789846205E9	40.25594044984526
1.9841584365E9	38.66426342083587
1.9893322525E9	38.39200188881483
1.9945060685E9	39.881118785219094
1.9996798845E9	41.26486138475469
2.0048537005E9	40.00074345272927
2.0087998005E9	35.940589497398676
2.0113867085E9	0.0
2.012707285E9	0.0
2.0133237175E9	0.0
2.0142256065E9	0.0
2.014882626E9	0.0
2.0154317445E9	0.0
2.0159671605E9	0.0
2.0164471485E9	0.0
2.016867562E9	0.0
2.0172763385E9	0.0
2.017633965E9	0.0
2.0178137045E9	0.0
2.018017881E9	0.0
2.018372564E9	0.0
2.0187244125E9	0.0
2.019068249E9	0.0
2.0194017395E9	0.0
2.0197293045E9	0.0
2.0200521545E9	0.0
2.0203676775E9	0.0
2.0206731925E9	0.0
2.020965542E9	0.0
2.021247741E9	0.0
2.021528993E9	0.0
2.0218100865E9	0.0
2.022087393E9	0.0
2.0223603915E9	0.0
2.022632681E9	0.0
2.0228654175E9	0.0
2.0229999175E9	0.0
2.0231705325E9	0.0
2.0234354265E9	0.0
2.0236989015E9	0.0
2.023956802E9	0.0
2.0242093675E9	0.0
2.024458086E9	0.0
2.0247029895E9	0.0
2.024945864E9	0.0
2.0251865415E9	0.0
2.0254252815E9	0.0
2.025662492E9	0.0
2.0258991385E9	0.0
2.0261344615E9	0.0
2.026367172E9	0.0
2.0265980485E9	0.0
2.0268285295E9	0.0
2.0270544955E9	0.0
2.027275914E9	0.0
2.0274943025E9	0.0
2.0277095315E9	0.0
2.027923316E9	0.0
2.02808275E9	0.0
2.028188811E9	0.0
2.0283471585E9	0.0
2.0285549325E9	0.0
2.028757275E9	0.0
2.028956563E9	0.0
2.029154291E9	0.0
2.0293509875E9	0.0
2.0295467625E9	0.0
2.02973806E9	0.0
2.029924572E9	0.0
2.0301099805E9	0.0
2.0302952755E9	0.0
2.030479792E9	0.0
2.030663529E9	0.0
2.030846841E9	0.0
2.031029411E9	0.0
2.031211115E9	0.0
2.0313922435E9	0.0
2.031572786E9	0.0
2.0317516215E9	0.0
2.031928838E9	0.0
2.0321052615E9	0.0
2.032281231E9	0.0
2.032455646E9	0.0
2.032628276E9	0.0
2.032800128E9	0.0
2.032971301E9	0.0
2.033142066E9	0.0
2.033268507E9	0.0
2.0333531555E9	0.0
2.0334809135E9	0.0
2.0336480925E9	0.0
2.0338128535E9	0.0
2.0339761425E9	0.0
2.0341380805E9	0.0
2.034298919E9	0.0
2.0344586595E9	0.0
2.0346173075E9	0.0
2.0347746535E9	0.0
2.034930657E9	0.0
2.035085928E9	0.0
2.0352402435E9	0.0
2.035392005E9	0.0
2.035541193E9	0.0
2.035689646E9	0.0
2.0358375185E9	0.0
2.0359837345E9	0.0
2.036128546E9	0.0
2.0362729875E9	0.0
2.036416787E9	0.0
2.0365600645E9	0.0
2.036702872E9	0.0
2.036845241E9	0.0
2.0369851555E9	0.0
2.037122733E9	0.0
2.037259843E9	0.0
2.037396497E9	0.0
2.0375330955E9	0.0
2.0376694145E9	0.0
2.0378054315E9	0.0
2.0379412555E9	0.0
2.038076349E9	0.0
2.0382095985E9	0.0
2.0383415415E9	0.0
2.0384454925E9	0.0
2.0385109815E9	0.0
2.038603618E9	0.0
2.038733643E9	0.0
2.0388626705E9	0.0
2.0389910665E9	0.0
2.0391193005E9	0.0
2.0392473005E9	0.0
2.039374642E9	0.0
2.039501276E9	0.0
2.0396271785E9	0.0
2.03975221E9	0.0
2.03987604E9	0.0
2.0399980765E9	0.0
2.040119332E9	0.0
2.040240472E9	0.0
2.040361422E9	0.0
2.0404819095E9	0.0
2.0406018455E9	0.0
2.0407201845E9	0.0
2.0408360875E9	0.0
2.0409509815E9	0.0
2.0410657485E9	0.0
2.041180315E9	0.0
2.041294281E9	0.0
2.041407048E9	0.0
2.0415190925E9	0.0
2.0416304535E9	0.0
2.041741021E9	0.0
2.0418509485E9	0.0
2.0419598345E9	0.0
2.0420677755E9	0.0
2.042174546E9	0.0
2.042280328E9	0.0
2.0423856265E9	0.0
2.042489892E9	0.0
2.0425932815E9	0.0
2.0426964155E9	0.0
2.0427989735E9	0.0
2.042900635E9	0.0
2.0430013815E9	0.0
2.043100833E9	0.0
2.0431992955E9	0.0
2.0432976E9	0.0
2.04339588E9	0.0
2.043493869E9	0.0
2.0435915755E9	0.0
2.043648872E9	0.0
2.0436976845E9	0.0
2.0437868355E9	0.0
2.0438843855E9	0.0
2.043981707E9	0.0
2.044078815E9	0.0
2.0441757205E9	0.0
2.044272411E9	0.0
2.0443688475E9	0.0
2.0444648435E9	0.0
2.0445596995E9	0.0
2.0446531425E9	0.0
2.0447458375E9	0.0
2.0448380625E9	0.0
2.0449295735E9	0.0
2.0450204935E9	0.0
2.045110887E9	0.0
2.045200554E9	0.0
2.0452891795E9	0.0
2.045376969E9	0.0
2.0454646615E9	0.0
2.0455520825E9	0.0
2.045639142E9	0.0
2.045726059E9	0.0
2.045812597E9	0.0
2.045898772E9	0.0
2.045984586E9	0.0
2.0460697495E9	0.0
2.0461545695E9	0.0
2.046239208E9	0.0
2.0463236285E9	0.0
2.046407633E9	0.0
2.0464910975E9	0.0
2.0465742655E9	0.0
2.046657312E9	0.0
2.046739974E9	0.0
2.0468221865E9	0.0
2.0469043015E9	0.0
2.046985793E9	0.0
2.0470664825E9	0.0
2.04714687E9	0.0
2.04722706E9	0.0
2.0473069205E9	0.0
2.0473860855E9	0.0
2.047464717E9	0.0
2.047542979E9	0.0
2.0476208505E9	0.0
2.0476985055E9	0.0
2.0477760255E9	0.0
2.0478535E9	0.0
2.04793091E9	0.0
2.0480081665E9	0.0
2.0480853045E9	0.0
2.048162422E9	0.0
2.048239398E9	0.0
2.0483161975E9	0.0
2.0483927155E9	0.0
2.048468855E9	0.0
2.0485448455E9	0.0
2.0486206495E9	0.0
2.048696086E9	0.0
2.0487710125E9	0.0
2.0488197255E9	0.0
2.0488570075E9	0.0
2.0489199395E9	0.0
2.0489939725E9	0.0
2.0490679045E9	0.0
2.0491416005E9	0.0
2.049214953E9	0.0
2.0492880915E9	0.0
2.0493611205E9	0.0
2.0494340255E9	0.0
2.049506678E9	0.0
2.049578997E9	0.0
2.049651126E9	0.0
2.049723233E9	0.0
2.04979512E9	0.0
2.0498666485E9	0.0
2.0499378035E9	0.0
2.050008669E9	0.0
2.0500794E9	0.0
2.0501499975E9	0.0
2.050220518E9	0.0
2.05029082E9	0.0
2.050360717E9	0.0
2.0504299665E9	0.0
2.0504987035E9	0.0
2.0505672185E9	0.0
2.050635448E9	0.0
2.0507034935E9	0.0
2.050771266E9	0.0
2.0508387725E9	0.0
2.0509061565E9	0.0
2.050973417E9	0.0
2.051040481E9	0.0
2.0511073505E9	0.0
2.0511740955E9	0.0
2.0512407225E9	0.0
2.051307197E9	0.0
2.0513735395E9	0.0
2.0514398445E9	0.0
2.051506139E9	0.0
2.0515723595E9	0.0
2.0516384915E9	0.0
2.0517045665E9	0.0
2.0517705855E9	0.0
2.0518365355E9	0.0
2.051902365E9	0.0
2.0519680565E9	0.0
2.052033518E9	0.0
2.052098713E9	0.0
2.0521637385E9	0.0
2.052228643E9	0.0
2.0522934775E9	0.0
2.052358276E9	0.0
2.0524229615E9	0.0
2.052487482E9	0.0
2.052551882E9	0.0
2.0526161995E9	0.0
2.052680475E9	0.0
2.0527447265E9	0.0
2.052808914E9	0.0
2.0528730515E9	0.0
2.052936994E9	0.0
2.053000715E9	0.0
2.0530644045E9	0.0
2.053128084E9	0.0
2.0531916775E9	0.0
2.0532551615E9	0.0
2.053318587E9	0.0
2.0533819555E9	0.0
2.053445288E9	0.0
2.0535085465E9	0.0
2.053571685E9	0.0
2.0536343475E9	0.0
2.053696563E9	0.0
2.053758747E9	0.0
2.053820909E9	0.0
2.053883043E9	0.0
2.0539451025E9	0.0
2.0539905275E9	0.0
2.0540215E9	0.0
2.0540690195E9	0.0
2.0541309245E9	0.0
2.0541927765E9	0.0
2.054254593E9	0.0
2.0543163305E9	0.0
2.054377981E9	0.0
2.0544395975E9	0.0
2.054501172E9	0.0
2.054562708E9	0.0
2.0546242315E9	0.0
2.0546856965E9	0.0
2.0547470465E9	0.0
2.054808291E9	0.0
2.0548694895E9	0.0
2.054930601E9	0.0
2.0549916175E9	0.0
2.0550526065E9	0.0
2.0551135575E9	0.0
2.055174465E9	0.0
2.0552353545E9	0.0
2.055296134E9	0.0
2.0553566525E9	0.0
2.055417009E9	0.0
2.0554771825E9	0.0
2.0555371745E9	0.0
2.055597057E9	0.0
2.055656832E9	0.0
2.055716482E9	0.0
2.0557759925E9	0.0
2.055835433E9	0.0
2.055894771E9	0.0
2.0559540215E9	0.0
2.0560130765E9	0.0
2.0560719645E9	0.0
2.056130841E9	0.0
2.0561896915E9	0.0
2.056248521E9	0.0
2.056307024E9	0.0
2.0563651135E9	0.0
2.056423004E9	0.0
2.056480485E9	0.0
2.056537637E9	0.0
2.0565947405E9	0.0
2.0566517835E9	0.0
2.0567087165E9	0.0
2.056765451E9	0.0
2.056821998E9	0.0
2.0568784445E9	0.0
2.056934791E9	0.0
2.0569910545E9	0.0
2.0570472855E9	0.0
2.057103487E9	0.0
2.0571595855E9	0.0
2.0572155025E9	0.0
2.0572712245E9	0.0
2.057326847E9	0.0
2.0573823645E9	0.0
2.057437781E9	0.0
2.057493164E9	0.0
2.0575484995E9	0.0
2.05760373E9	0.0
2.0576588685E9	0.0
2.0577139355E9	0.0
2.0577689315E9	0.0
2.0578239195E9	0.0
2.057878902E9	0.0
2.057933777E9	0.0
2.0579884845E9	0.0
2.0580431165E9	0.0
2.058097727E9	0.0
2.05815231E9	0.0
2.0582067325E9	0.0
2.058260974E9	0.0
2.058315129E9	0.0
2.0583692185E9	0.0
2.05842327E9	0.0
2.058477297E9	0.0
2.0585313105E9	0.0
2.058585287E9	0.0
2.0586391865E9	0.0
2.058693023E9	0.0
2.0587468175E9	0.0
2.0588005E9	0.0
2.0588540625E9	0.0
2.0589075495E9	0.0
2.058960981E9	0.0
2.059014389E9	0.0
2.059067673E9	0.0
2.0591208205E9	0.0
2.059163076E9	0.0
2.059189619E9	0.0
2.0592269795E9	0.0
2.059279992E9	0.0
2.0593329825E9	0.0
2.0593858185E9	0.0
2.0594384305E9	0.0
2.059490885E9	0.0
2.0595432645E9	0.0
2.0595955855E9	0.0
2.0596477675E9	0.0
2.059699862E9	0.0
2.059751948E9	0.0
2.0598040055E9	0.0
2.0598560135E9	0.0
2.0599079495E9	0.0
2.0599597635E9	0.0
2.0600113985E9	0.0
2.0600629095E9	0.0
2.0601143935E9	0.0
2.0601657865E9	0.0
2.0602169615E9	0.0
2.0602678705E9	0.0
2.0603186035E9	0.0
2.0603692295E9	0.0
2.060419725E9	0.0
2.060470132E9	0.0
2.06052038E9	0.0
2.060570481E9	0.0
2.0606204435E9	0.0
2.06067023E9	0.0
2.06071997E9	0.0
2.060769706E9	0.0
2.060819393E9	0.0
2.060868933E9	0.0
2.060918284E9	0.0
2.0609675205E9	0.0
2.061016628E9	0.0
2.061065573E9	0.0
2.061114397E9	0.0
2.0611631105E9	0.0
2.061211492E9	0.0
2.061259497E9	0.0
2.061307319E9	0.0
2.0613550415E9	0.0
2.0614027295E9	0.0
2.061450387E9	0.0
2.061498029E9	0.0
2.0615456225E9	0.0
2.061593126E9	0.0
2.061640529E9	0.0
2.061687757E9	0.0
2.0617347625E9	0.0
2.061781654E9	0.0
2.061828524E9	0.0
2.0618753855E9	0.0
2.061922146E9	0.0
2.061968779E9	0.0
2.0620153705E9	0.0
2.0620619385E9	0.0
2.0621083935E9	0.0
2.062154738E9	0.0
2.0622010015E9	0.0
2.062247173E9	0.0
2.0622933155E9	0.0
2.0623394475E9	0.0
2.062385446E9	0.0
2.0624312625E9	0.0
2.062476887E9	0.0
2.0625223535E9	0.0
2.0625677955E9	0.0
2.0626131705E9	0.0
2.0626584765E9	0.0
2.0627035625E9	0.0
2.062748417E9	0.0
2.062793173E9	0.0
2.0628376835E9	0.0
2.062881954E9	0.0
2.0629261195E9	0.0
2.062970238E9	0.0
2.0630142905E9	0.0
2.0630582625E9	0.0
2.0631021875E9	0.0
2.0631460875E9	0.0
2.0631899665E9	0.0
2.0632338255E9	0.0
2.063277676E9	0.0
2.0633214535E9	0.0
2.063365083E9	0.0
2.06340861E9	0.0
2.0634520775E9	0.0
2.0634954775E9	0.0
2.063538784E9	0.0
2.0635819555E9	0.0
2.063625014E9	0.0
2.0636679765E9	0.0
2.063710875E9	0.0
2.063753689E9	0.0
2.063796396E9	0.0
2.063839067E9	0.0
2.063881726E9	0.0
2.0639243715E9	0.0
2.063966989E9	0.0
2.0640095635E9	0.0
2.0640520875E9	0.0
2.064094574E9	0.0
2.0641370415E9	0.0
2.0641794945E9	0.0
2.0642218365E9	0.0
2.0642640635E9	0.0
2.0643062705E9	0.0
2.0643399765E9	0.0
2.06436102E9	0.0
2.0643904625E9	0.0
2.064432456E9	0.0
2.064474346E9	0.0
2.064516152E9	0.0
2.064557914E9	0.0
2.064599536E9	0.0
2.064641057E9	0.0
2.0646825695E9	0.0
2.064724048E9	0.0
2.064765456E9	0.0
2.0648067995E9	0.0
2.064848117E9	0.0
2.064889353E9	0.0
2.064930492E9	0.0
2.0649715775E9	0.0
2.065012547E9	0.0
2.065053387E9	0.0
2.0650941705E9	0.0
2.0651348115E9	0.0
2.065175299E9	0.0
2.0652157165E9	0.0
2.065256051E9	0.0
2.065296264E9	0.0
2.06533636E9	0.0
2.0653762875E9	0.0
2.065416072E9	0.0
2.0654558335E9	0.0
2.065495547E9	0.0
2.0655352215E9	0.0
2.065574844E9	0.0
2.0656143995E9	0.0
2.065653785E9	0.0
2.0656929715E9	0.0
2.065732097E9	0.0
2.065771194E9	0.0
2.0658102015E9	0.0
2.065849086E9	0.0
2.0658878885E9	0.0
2.065926599E9	0.0
2.0659651665E9	0.0
2.066003597E9	0.0
2.066041833E9	0.0
2.0660799315E9	0.0
2.066117971E9	0.0
2.066155951E9	0.0
2.0661939105E9	0.0
2.066231761E9	0.0
2.066269513E9	0.0
2.0663072395E9	0.0
2.0663449305E9	0.0
2.066382491E9	0.0
2.066419923E9	0.0
2.0664573405E9	0.0
2.066494663E9	0.0
2.0665318675E9	0.0
2.06656886E9	0.0
2.066605527E9	0.0
2.0666420115E9	0.0
2.066678418E9	0.0
2.0667146455E9	0.0
2.0667506425E9	0.0
2.066786533E9	0.0
2.06682234E9	0.0
2.0668580485E9	0.0
2.0668937175E9	0.0
2.066929375E9	0.0
2.066965002E9	0.0
2.067000607E9	0.0
2.0670361255E9	0.0
2.067071259E9	0.0
2.0671060455E9	0.0
2.0671407445E9	0.0
2.0671753685E9	0.0
2.0672098815E9	0.0
2.0672443075E9	0.0
2.067278715E9	0.0
2.0673130935E9	0.0
2.067347425E9	0.0
2.067381705E9	0.0
2.067415802E9	0.0
2.06744974E9	0.0
2.067483567E9	0.0
2.0675172065E9	0.0
2.067550754E9	0.0
2.067584073E9	0.0
2.0676169285E9	0.0
2.067649369E9	0.0
2.067681611E9	0.0
2.0677138205E9	0.0
2.0677460135E9	0.0
2.067778124E9	0.0
2.067810106E9	0.0
2.067842003E9	0.0
2.067873862E9	0.0
2.067905563E9	0.0
2.0679370935E9	0.0
2.0679685825E9	0.0
2.067999981E9	0.0
2.068031227E9	0.0
2.0680621725E9	0.0
2.0680928915E9	0.0
2.0681232945E9	0.0
2.0681533735E9	0.0
2.0681834185E9	0.0
2.068213411E9	0.0
2.068243323E9	0.0
2.0682731795E9	0.0
2.0683029755E9	0.0
2.0683327055E9	0.0
2.0683623225E9	0.0
2.0683917925E9	0.0
2.0684211705E9	0.0
2.0684504815E9	0.0
2.0684796705E9	0.0
2.0685086615E9	0.0
2.0685375405E9	0.0
2.0685663755E9	0.0
2.0685951705E9	0.0
2.068623879E9	0.0
2.0686525055E9	0.0
2.068681095E9	0.0
2.068709649E9	0.0
2.068738037E9	0.0
2.0687662505E9	0.0
2.068794412E9	0.0
2.068822535E9	0.0
2.068850427E9	0.0
2.068877977E9	0.0
2.0689054085E9	0.0
2.0689326215E9	0.0
2.06895959E9	0.0
2.068986372E9	0.0
2.069012931E9	0.0
2.0690394145E9	0.0
2.069065816E9	0.0
2.0690920755E9	0.0
2.0691179945E9	0.0
2.069143631E9	0.0
2.069169143E9	0.0
2.0691943855E9	0.0
2.069218939E9	0.0
2.0692429175E9	0.0
2.069266664E9	0.0
2.0692895315E9	0.0
2.069311225E9	0.0
2.0693321245E9	0.0
2.069352687E9	0.0
2.069373214E9	0.0
2.069393374E9	0.0
2.069413149E9	0.0
2.069432396E9	0.0
2.069450749E9	0.0
2.069468332E9	0.0
2.0694846915E9	0.0
2.0694999495E9	0.0
2.0695119495E9	0.0
2.069520423E9	0.0
2.0695248965E9	0.0
2.0695258965E9	0.0
